170 170 30 190 0 0 0
170 170 30 190 0 0 0
170 170 30 190 0 0 0
170 170 30 190 0 0 0
170 170 30 190 0 0 0
170 170 30 190 0 0 0
170 170 30 190 0 0 0
170 170 30 190 0 0 0
170 170 30 190 0 0 0
170 170 30 190 0 0 0
170 170 30 190 0 0 0
170 170 30 190 0 0 0
170 170 30 190 0 0 0
170 170 30 190 0 0 0
170 170 30 190 0 0 0
170 170 30 190 0 0 0
170 170 30 190 0 0 0
170 170 30 190 0 0 0
170 170 30 190 0 0 0
170 170 30 190 0 0 0
170 170 30 190 0 0 0
170 170 30 190 0 0 0
170 170 30 190 0 0 0
170 170 30 190 0 0 0
170 170 30 190 0 0 0
170 170 30 190 0 0 0
170 170 30 190 0 0 0
170 170 30 190 0 0 0
170 170 30 190 0 0 0
170 170 30 190 0 0 0
170 170 30 190 0 0 0
170 170 30 190 0 0 0
170 170 30 190 0 0 0
170 170 30 190 0 0 0
170 170 30 190 0 0 0
170 170 30 190 0 0 0
170 170 30 190 0 0 0
170 170 30 190 0 0 0
170 170 30 190 0 0 0
170 170 30 190 0 0 0
170 170 30 190 0 0 0
170 170 30 190 0 0 0
170 170 30 190 0 0 0
170 170 30 190 0 0 0
170 170 30 190 0 0 0
170 170 30 190 0 0 0
170 170 30 190 0 0 0
170 170 30 190 0 0 0
170 170 30 190 0 0 0
170 170 30 190 0 0 0
170 170 30 190 0 0 0
170 170 30 190 0 0 0
170 170 30 190 0 0 0
170 170 30 190 0 0 0
170 170 30 190 0 0 0
170 170 30 190 0 0 0
170 170 30 190 0 0 0
170 170 30 190 0 0 0
170 170 30 190 0 0 0
170 170 30 190 0 0 0
170 170 30 190 0 0 0
170 170 30 190 0 0 0
170 170 30 190 0 0 0
170 170 30 190 0 0 0
170 170 30 190 0 0 0
170 170 30 190 0 0 0
170 170 30 190 0 0 0
170 170 30 190 0 0 0
170 170 30 190 0 0 0
170 170 30 190 0 0 0
170 170 30 190 0 0 0
170 170 30 190 0 0 0
170 170 30 190 0 0 0
170 170 30 190 0 0 0
170 170 30 190 0 0 0
170 170 30 190 0 0 0
170 170 30 190 0 0 0
170 170 30 190 0 0 0
170 170 30 190 0 0 0
170 170 30 190 0 0 0
170 170 30 190 0 0 0
170 170 30 190 0 0 0
170 170 30 190 0 0 0
170 170 30 190 0 0 0
170 170 30 190 0 0 0
170 170 30 190 0 0 0
170 170 30 190 0 0 0
170 170 30 190 0 0 0
170 170 30 190 0 0 0
170 170 30 190 0 0 0
170 170 30 190 0 0 0
170 170 30 190 0 0 0
170 170 30 190 0 0 0
170 170 30 190 0 0 0
170 170 30 190 0 0 0
170 170 30 190 0 0 0
170 170 30 190 0 0 0
170 170 30 190 0 0 0
170 170 30 190 0 0 0
170 170 30 190 0 0 0
170 170 30 190 0 0 0
170 170 30 190 0 0 0
170 170 30 190 0 0 0
170 170 30 190 0 0 0
170 170 30 190 0 0 0
170 170 30 190 0 0 0
170 170 30 190 0 0 0
170 170 30 190 0 0 0
170 170 30 190 0 0 0
170 170 30 190 0 0 0
170 170 30 190 0 0 0
170 170 30 190 0 0 0
170 170 30 190 0 0 0
170 170 30 190 0 0 0
170 170 30 190 0 0 0
170 170 30 190 0 0 0
170 170 30 190 0 0 0
170 170 30 190 0 0 0
170 170 30 190 0 0 0
170 170 30 190 0 0 0
170 170 30 190 0 0 0
170 170 30 190 0 0 0
170 170 30 190 0 0 0
170 170 30 190 0 0 0
170 170 30 190 0 0 0
170 170 30 190 0 0 0
170 170 30 190 0 0 0
170 170 30 190 0 0 0
170 170 30 190 0 0 0
170 170 30 190 0 0 0
170 170 30 190 0 0 0
170 170 30 190 0 0 0
170 170 30 190 0 0 0
170 170 30 190 0 0 0
170 170 30 190 0 0 0
170 170 30 190 0 0 0
170 170 30 190 0 0 0
170 170 30 190 0 0 0
170 170 30 190 0 0 0
170 170 30 190 0 0 0
170 170 30 190 0 0 0
170 170 30 190 0 0 0
170 170 30 190 0 0 0
170 170 30 190 0 0 0
170 170 30 190 0 0 0
170 170 30 190 0 0 0
170 170 30 190 0 0 0
170 170 30 190 0 0 0
170 170 30 190 0 0 0
170 170 30 190 0 0 0
170 170 30 190 0 0 0
170 170 30 190 0 0 0
170 170 30 190 0 0 0
170 170 30 190 0 0 0
170 170 30 190 0 0 0
170 170 30 190 0 0 0
170 170 30 190 0 0 0
170 170 30 190 0 0 0
170 170 30 190 0 0 0
170 170 30 190 0 0 0
170 170 30 190 0 0 0
170 170 30 190 0 0 0
170 170 30 190 0 0 0
170 170 30 190 0 0 0
170 170 30 190 0 0 0
170 170 30 190 0 0 0
170 170 30 190 0 0 0
170 170 30 190 0 0 0
170 170 30 190 0 0 0
170 170 30 190 0 0 0
170 170 30 190 0 0 0
170 170 30 190 0 0 0
170 170 30 190 0 0 0
170 170 30 190 0 0 0
170 170 30 190 0 0 0
170 170 30 190 0 0 0
170 170 30 190 0 0 0
170 170 30 190 0 0 0
170 170 30 190 0 0 0
170 170 30 190 0 0 0
170 170 30 190 0 0 0
170 170 30 190 0 0 0
170 170 30 190 0 0 0
170 170 30 190 0 0 0
170 170 30 190 0 0 0
170 170 30 190 0 0 0
170 170 30 190 0 0 0
170 170 30 190 0 0 0
170 170 30 190 0 0 0
170 170 30 190 0 0 0
170 170 30 190 0 0 0
170 170 30 190 0 0 0
170 170 30 190 0 0 0
170 170 30 190 0 0 0
170 170 30 190 0 0 0
170 170 30 190 0 0 0
170 170 30 190 0 0 0
170 170 30 190 0 0 0
170 170 30 190 0 0 0
170 170 30 190 0 0 0
170 170 30 190 0 0 0
170 170 30 190 0 0 0
170 170 40 202 0 0 0
170 170 50 214 0 0 0
170 170 60 226 0 0 0
170 170 70 238 0 0 0
170 170 80 250 0 0 0
170 170 90 262 0 0 0
170 170 100 274 0 0 0
170 170 110 286 0 0 0
170 170 120 298 0 0 0
170 170 130 310 0 0 0
170 170 140 322 0 0 0
170 170 150 334 0 0 0
170 170 160 346 0 0 0
170 170 170 358 0 0 0
170 170 180 370 0 0 0
170 170 190 380 0 0 0
170 170 200 368 0 0 0
170 145 210 356 0 0 0
170 145 220 344 0 0 0
170 145 230 332 0 0 0
170 145 240 320 0 0 0
170 145 250 308 0 0 0
170 145 260 296 0 0 0
170 145 270 284 0 0 0
170 145 280 272 0 0 0
170 145 290 260 0 0 0
170 145 300 248 0 0 0
170 145 310 236 0 0 0
170 145 320 224 0 0 0
170 145 330 212 0 0 0
170 145 340 200 0 0 0
170 145 350 188 0 0 0
170 145 360 176 0 0 0
170 145 370 164 0 0 0
170 145 380 152 0 0 0
170 145 390 140 0 0 0
170 145 400 128 0 0 0
170 145 410 116 0 0 0
170 145 420 104 0 0 0
170 145 430 92 0 0 0
170 145 440 80 0 0 0
170 120 450 68 0 0 0
170 120 460 56 0 0 0
170 120 470 44 0 0 0
170 120 480 32 0 0 0
170 120 490 20 0 0 0
170 120 500 8 0 0 0
170 120 510 0 0 0 0
170 120 520 12 0 0 0
170 120 530 24 0 0 0
170 120 540 36 0 0 0
170 120 550 48 0 0 0
170 120 560 60 0 0 0
170 120 570 72 0 0 0
170 120 580 84 0 0 0
170 120 590 96 0 0 0
170 120 600 108 0 0 0
170 120 610 120 0 0 0
170 120 620 132 0 0 0
170 120 630 144 0 0 0
170 120 640 156 0 0 0
170 145 650 168 0 0 0
170 145 660 180 0 0 0
170 145 670 192 0 0 0
170 145 680 204 0 0 0
170 145 690 216 0 0 0
170 145 700 228 0 0 0
170 145 710 240 0 0 0
170 145 720 252 0 0 0
170 145 730 264 0 0 0
170 145 740 276 0 0 0
170 145 750 288 0 0 0
170 145 760 300 0 0 0
170 145 770 312 0 0 0
170 145 780 324 0 0 0
170 145 25 200 1 0 0
170 145 30 190 1 0 0
170 145 30 190 1 0 0
170 145 30 190 1 0 0
170 145 30 190 1 0 0
170 145 30 190 1 0 0
170 145 30 190 1 0 0
170 145 30 190 1 0 0
170 145 30 190 1 0 0
170 170 30 190 1 0 0
170 170 30 190 1 0 0
170 195 30 190 1 0 0
170 220 30 190 1 0 0
170 220 30 190 1 0 0
170 245 30 190 1 0 0
170 270 30 190 1 0 0
170 270 30 190 1 0 0
170 295 30 190 1 0 0
170 295 30 190 1 0 0
170 295 30 190 1 0 0
170 295 30 190 1 0 0
170 295 30 190 1 0 0
170 295 40 202 1 0 0
170 295 50 214 1 0 0
170 295 60 226 1 0 0
170 295 70 238 1 0 0
170 295 80 250 1 0 0
170 295 90 262 1 0 0
170 295 100 274 1 0 0
170 295 110 286 1 0 0
170 295 120 298 1 0 0
170 295 130 310 1 0 0
170 295 140 322 1 0 0
170 295 150 334 1 0 0
170 295 160 346 1 0 0
170 295 170 358 1 0 0
170 295 180 370 1 0 0
170 295 190 380 1 0 0
170 295 200 368 1 0 0
170 295 210 356 1 0 0
170 295 220 344 1 0 0
170 270 230 332 1 0 0
170 270 240 320 1 0 0
170 270 250 308 1 0 0
170 270 260 296 1 0 0
170 270 270 284 1 0 0
170 270 280 272 1 0 0
170 270 290 260 1 0 0
170 270 300 248 1 0 0
170 270 310 236 1 0 0
170 270 320 224 1 0 0
170 270 330 212 1 0 0
170 270 340 200 1 0 0
170 270 350 188 1 0 0
170 270 360 176 1 0 0
170 270 370 164 1 0 0
170 270 380 152 1 0 0
170 270 390 140 1 0 0
170 270 400 128 1 0 0
170 270 410 116 1 0 0
170 270 420 104 1 0 0
170 270 430 92 1 0 0
170 270 440 80 1 0 0
170 270 450 68 1 0 0
170 270 460 56 1 0 0
170 270 470 44 1 0 0
170 245 480 32 1 0 0
170 245 490 20 1 0 0
170 245 500 8 1 0 0
170 245 510 0 1 0 0
170 245 520 12 1 0 0
170 245 530 24 1 0 0
170 245 540 36 1 0 0
170 245 550 48 1 0 0
170 245 560 60 1 0 0
170 245 570 72 1 0 0
170 245 580 84 1 0 0
170 245 590 96 1 0 0
170 245 600 108 1 0 0
170 245 610 120 1 0 0
170 245 620 132 1 0 0
170 245 630 144 1 0 0
170 245 640 156 1 0 0
170 245 650 168 1 0 0
145 245 660 180 1 0 0
145 245 670 192 1 0 0
145 245 680 204 1 0 0
145 245 690 216 1 0 0
145 245 700 228 1 0 0
145 245 710 240 1 0 0
145 245 720 252 1 0 0
145 245 730 264 1 0 0
145 245 740 276 1 0 0
145 245 750 288 1 0 0
145 245 750 300 1 0 0
145 245 738 313 1 0 0
145 245 726 326 1 0 0
145 245 714 339 1 0 0
145 220 702 352 1 0 0
145 220 690 365 1 0 0
145 220 678 378 1 0 0
145 220 666 380 1 0 0
145 220 654 367 1 0 0
145 220 642 354 1 0 0
145 220 630 341 1 0 0
145 220 618 328 1 0 0
145 220 606 315 1 0 0
145 220 594 302 1 0 0
145 220 582 289 1 0 0
145 220 570 276 1 0 0
145 220 558 263 1 0 0
145 220 546 250 1 0 0
145 220 534 237 1 0 0
145 220 522 224 1 0 0
170 220 510 211 1 0 0
170 220 498 198 1 0 0
170 220 486 185 1 0 0
170 220 474 172 1 0 0
170 220 462 159 1 0 0
170 220 450 146 1 0 0
170 245 438 133 1 0 0
170 245 426 120 1 0 0
170 245 414 107 1 0 0
170 245 402 94 1 0 0
170 245 390 81 1 0 0
170 245 378 68 1 0 0
170 245 366 55 1 0 0
170 245 354 42 1 0 0
170 245 342 29 1 0 0
145 245 330 16 1 0 0
145 245 318 3 1 0 0
145 245 306 0 1 0 0
145 245 294 13 1 0 0
145 245 282 26 1 0 0
145 245 270 39 1 0 0
145 245 258 52 1 0 0
145 245 246 65 1 0 0
145 245 234 78 1 0 0
145 245 222 91 1 0 0
145 245 210 104 1 0 0
145 245 198 117 1 0 0
120 245 186 130 1 0 0
120 245 174 143 1 0 0
120 245 162 156 1 0 0
120 245 150 169 1 0 0
120 245 138 182 1 0 0
120 245 126 195 1 0 0
120 245 114 208 1 0 0
120 245 102 221 1 0 0
120 245 90 234 1 0 0
120 245 78 247 1 0 0
120 245 66 260 1 0 0
120 245 54 273 1 0 0
120 245 42 286 1 0 0
120 245 30 299 1 0 0
120 245 18 312 1 0 0
120 245 6 325 1 0 0
120 245 780 200 1 1 0
145 245 750 265 1 1 0
145 245 750 265 1 1 0
145 245 750 265 1 1 0
145 245 750 265 1 1 0
145 245 750 265 1 1 0
145 245 750 265 1 1 0
145 245 750 265 1 1 0
145 245 750 265 1 1 0
145 245 750 265 1 1 0
145 245 750 265 1 1 0
145 245 750 265 1 1 0
145 245 750 265 1 1 0
170 245 750 265 1 1 0
170 245 750 265 1 1 0
170 245 750 265 1 1 0
170 245 750 265 1 1 0
170 245 750 265 1 1 0
170 245 750 265 1 1 0
170 245 750 265 1 1 0
170 245 750 265 1 1 0
170 245 740 253 1 1 0
170 245 730 241 1 1 0
170 245 720 229 1 1 0
170 245 710 217 1 1 0
170 245 700 205 1 1 0
170 245 690 193 1 1 0
170 245 680 181 1 1 0
170 245 670 169 1 1 0
170 245 660 157 1 1 0
170 245 650 145 1 1 0
170 245 640 133 1 1 0
170 245 630 121 1 1 0
170 245 620 109 1 1 0
170 245 610 97 1 1 0
170 245 600 85 1 1 0
170 245 590 73 1 1 0
170 245 580 61 1 1 0
195 245 570 49 1 1 0
195 245 560 37 1 1 0
195 245 550 25 1 1 0
195 245 540 13 1 1 0
195 245 530 1 1 1 0
195 245 520 0 1 1 0
195 245 510 12 1 1 0
195 245 500 24 1 1 0
195 245 490 36 1 1 0
195 245 480 48 1 1 0
195 245 470 60 1 1 0
195 245 460 72 1 1 0
195 245 450 84 1 1 0
195 245 440 96 1 1 0
220 245 430 108 1 1 0
220 245 420 120 1 1 0
220 245 410 132 1 1 0
220 245 400 144 1 1 0
220 245 390 156 1 1 0
220 245 380 168 1 1 0
195 245 370 180 1 1 0
195 245 360 192 1 1 0
195 245 350 204 1 1 0
195 245 340 216 1 1 0
195 245 330 228 1 1 0
195 245 320 240 1 1 0
195 245 310 252 1 1 0
195 245 300 264 1 1 0
195 245 290 276 1 1 0
195 245 280 288 1 1 0
195 245 270 300 1 1 0
195 245 260 312 1 1 0
170 245 250 324 1 1 0
170 245 240 336 1 1 0
170 245 230 348 1 1 0
170 245 220 360 1 1 0
170 245 210 372 1 1 0
170 245 200 380 1 1 0
170 245 190 368 1 1 0
170 245 180 356 1 1 0
170 245 170 344 1 1 0
170 245 160 332 1 1 0
170 245 150 320 1 1 0
145 245 140 308 1 1 0
145 245 130 296 1 1 0
145 245 120 284 1 1 0
145 245 110 272 1 1 0
145 245 100 260 1 1 0
145 245 90 248 1 1 0
145 245 80 236 1 1 0
145 245 70 224 1 1 0
145 245 60 212 1 1 0
145 245 50 200 1 1 0
145 245 40 188 1 1 0
145 245 30 176 1 1 0
120 245 25 164 1 1 0
120 245 41 145 1 1 0
120 245 57 126 1 1 0
120 245 73 107 1 1 0
120 245 89 88 1 1 0
120 245 105 69 1 1 0
120 245 121 50 1 1 0
120 245 137 31 1 1 0
120 245 153 12 1 1 0
120 245 169 0 1 1 0
120 245 185 19 1 1 0
120 245 201 38 1 1 0
120 245 217 57 1 1 0
120 245 233 76 1 1 0
120 245 249 95 1 1 0
120 245 265 114 1 1 0
145 245 281 133 1 1 0
145 245 297 152 1 1 0
145 245 313 171 1 1 0
145 245 329 190 1 1 0
145 245 345 209 1 1 0
145 245 361 228 1 1 0
145 245 377 247 1 1 0
145 245 393 266 1 1 0
145 245 409 285 1 1 0
145 245 425 304 1 1 0
145 220 441 323 1 1 0
145 220 457 342 1 1 0
145 220 473 361 1 1 0
145 220 489 380 1 1 0
145 220 505 380 1 1 0
145 220 521 361 1 1 0
145 220 537 342 1 1 0
145 220 553 323 1 1 0
145 220 569 304 1 1 0
145 220 585 285 1 1 0
145 220 601 266 1 1 0
145 220 617 247 1 1 0
145 220 633 228 1 1 0
145 220 649 209 1 1 0
145 195 665 190 1 1 0
145 195 681 171 1 1 0
145 195 697 152 1 1 0
145 195 713 133 1 1 0
145 195 729 114 1 1 0
145 195 745 95 1 1 0
145 195 761 76 1 1 0
145 195 777 57 1 1 0
145 195 25 200 2 1 0
145 195 30 165 2 1 0
145 195 30 165 2 1 0
145 195 30 165 2 1 0
145 195 30 165 2 1 0
145 195 30 165 2 1 0
145 170 30 165 2 1 0
145 170 30 165 2 1 0
145 170 30 165 2 1 0
145 170 30 165 2 1 0
145 170 30 165 2 1 0
145 170 30 165 2 1 0
145 170 30 165 2 1 0
145 170 30 165 2 1 0
145 170 30 165 2 1 0
145 170 40 177 2 1 0
145 170 50 189 2 1 0
145 170 60 201 2 1 0
145 170 70 213 2 1 0
145 170 80 225 2 1 0
145 170 90 237 2 1 0
145 170 100 249 2 1 0
145 170 110 261 2 1 0
145 170 120 273 2 1 0
145 170 130 285 2 1 0
145 170 140 297 2 1 0
145 170 150 309 2 1 0
145 170 160 321 2 1 0
145 170 170 333 2 1 0
145 170 180 345 2 1 0
145 170 190 357 2 1 0
170 170 200 369 2 1 0
170 170 210 380 2 1 0
170 170 220 368 2 1 0
170 170 230 356 2 1 0
145 170 240 344 2 1 0
145 170 250 332 2 1 0
145 170 260 320 2 1 0
145 170 270 308 2 1 0
145 170 280 296 2 1 0
145 170 290 284 2 1 0
145 170 300 272 2 1 0
145 170 310 260 2 1 0
145 170 320 248 2 1 0
145 170 330 236 2 1 0
145 170 340 224 2 1 0
145 170 350 212 2 1 0
145 170 360 200 2 1 0
145 170 370 188 2 1 0
145 170 380 176 2 1 0
145 170 390 164 2 1 0
145 170 400 152 2 1 0
145 170 410 140 2 1 0
145 170 420 128 2 1 0
145 170 430 116 2 1 0
145 170 440 104 2 1 0
145 170 450 92 2 1 0
145 170 460 80 2 1 0
145 195 470 68 2 1 0
145 195 480 56 2 1 0
145 195 490 44 2 1 0
145 195 500 32 2 1 0
145 195 510 20 2 1 0
145 195 520 8 2 1 0
145 195 530 0 2 1 0
145 195 540 12 2 1 0
145 195 550 24 2 1 0
145 195 560 36 2 1 0
145 195 570 48 2 1 0
145 195 580 60 2 1 0
145 195 590 72 2 1 0
145 195 600 84 2 1 0
145 170 610 96 2 1 0
145 170 620 108 2 1 0
145 170 630 120 2 1 0
145 170 640 132 2 1 0
145 170 650 144 2 1 0
145 170 660 156 2 1 0
145 170 670 168 2 1 0
145 170 680 180 2 1 0
145 170 690 192 2 1 0
145 170 700 204 2 1 0
145 170 710 216 2 1 0
145 170 720 228 2 1 0
145 170 730 240 2 1 0
145 170 740 252 2 1 0
145 195 750 264 2 1 0
145 195 760 276 2 1 0
145 195 770 288 2 1 0
145 195 780 300 2 1 0
145 195 25 200 3 1 0
145 195 30 165 3 1 0
145 195 30 165 3 1 0
145 195 30 165 3 1 0
145 195 30 165 3 1 0
145 195 30 165 3 1 0
145 195 30 165 3 1 0
145 195 30 165 3 1 0
145 195 30 165 3 1 0
145 195 30 165 3 1 0
145 195 30 165 3 1 0
145 195 30 165 3 1 0
145 195 30 165 3 1 0
145 195 30 165 3 1 0
145 195 30 165 3 1 0
145 195 30 165 3 1 0
120 195 30 140 3 1 0
120 195 30 140 3 1 0
120 195 30 140 3 1 0
120 195 30 140 3 1 0
120 195 30 140 3 1 0
120 195 30 140 3 1 0
120 195 30 140 3 1 0
120 195 30 140 3 1 0
120 195 30 140 3 1 0
145 195 30 165 3 1 0
145 195 30 165 3 1 0
145 195 30 165 3 1 0
145 195 30 165 3 1 0
145 195 30 165 3 1 0
145 195 30 165 3 1 0
145 195 30 165 3 1 0
145 195 30 165 3 1 0
145 195 30 165 3 1 0
145 195 30 165 3 1 0
145 195 30 165 3 1 0
145 195 30 165 3 1 0
145 195 30 165 3 1 0
145 195 30 165 3 1 0
145 195 30 165 3 1 0
120 195 30 140 3 1 0
120 195 30 140 3 1 0
120 195 30 140 3 1 0
120 195 30 140 3 1 0
120 195 30 140 3 1 0
120 195 30 140 3 1 0
120 195 30 140 3 1 0
120 195 30 140 3 1 0
120 195 30 140 3 1 0
120 195 30 140 3 1 0
120 195 40 152 3 1 0
120 195 50 164 3 1 0
120 195 60 176 3 1 0
120 195 70 188 3 1 0
120 195 80 200 3 1 0
120 195 90 212 3 1 0
120 195 100 224 3 1 0
120 195 110 236 3 1 0
120 195 120 248 3 1 0
120 195 130 260 3 1 0
120 195 140 272 3 1 0
120 195 150 284 3 1 0
120 195 160 296 3 1 0
120 195 170 308 3 1 0
120 195 180 320 3 1 0
120 195 190 332 3 1 0
120 195 200 344 3 1 0
120 195 210 356 3 1 0
120 195 220 368 3 1 0
120 220 230 380 3 1 0
120 220 240 380 3 1 0
120 220 250 368 3 1 0
120 220 260 356 3 1 0
120 220 270 344 3 1 0
120 220 280 332 3 1 0
120 220 290 320 3 1 0
120 220 300 308 3 1 0
120 220 310 296 3 1 0
120 220 320 284 3 1 0
120 220 330 272 3 1 0
120 220 340 260 3 1 0
120 220 350 248 3 1 0
120 220 360 236 3 1 0
120 220 370 224 3 1 0
120 220 380 212 3 1 0
120 220 390 200 3 1 0
120 195 400 188 3 1 0
120 195 410 176 3 1 0
120 195 420 164 3 1 0
120 195 430 152 3 1 0
120 195 440 140 3 1 0
120 195 450 128 3 1 0
120 195 460 116 3 1 0
120 195 470 104 3 1 0
120 195 480 92 3 1 0
120 195 490 80 3 1 0
120 195 500 68 3 1 0
120 195 510 56 3 1 0
120 195 520 44 3 1 0
120 195 530 32 3 1 0
120 195 540 20 3 1 0
120 195 550 8 3 1 0
120 195 560 0 3 1 0
120 195 570 12 3 1 0
120 195 580 24 3 1 0
120 195 590 36 3 1 0
120 195 600 48 3 1 0
120 220 610 60 3 1 0
120 220 620 72 3 1 0
120 220 630 84 3 1 0
120 220 640 96 3 1 0
120 220 650 108 3 1 0
120 220 660 120 3 1 0
120 220 670 132 3 1 0
120 220 680 144 3 1 0
120 220 690 156 3 1 0
120 220 700 168 3 1 0
120 220 710 180 3 1 0
120 220 720 192 3 1 0
120 220 730 204 3 1 0
120 220 740 216 3 1 0
120 220 750 228 3 1 0
120 220 750 240 3 1 0
120 220 730 256 3 1 0
120 220 710 272 3 1 0
120 220 690 288 3 1 0
120 220 670 304 3 1 0
120 220 650 320 3 1 0
120 220 630 336 3 1 0
120 220 610 352 3 1 0
120 220 590 368 3 1 0
120 220 570 380 3 1 0
120 220 550 364 3 1 0
120 220 530 348 3 1 0
120 220 510 332 3 1 0
120 220 490 316 3 1 0
120 220 470 300 3 1 0
120 220 450 284 3 1 0
120 220 430 268 3 1 0
120 220 410 252 3 1 0
120 220 390 236 3 1 0
120 220 370 220 3 1 0
120 220 350 204 3 1 0
120 220 330 188 3 1 0
120 220 310 172 3 1 0
120 220 290 156 3 1 0
120 220 270 140 3 1 0
120 220 250 124 3 1 0
120 220 230 108 3 1 0
120 220 210 92 3 1 0
120 220 190 76 3 1 0
120 220 170 60 3 1 0
120 220 150 44 3 1 0
120 220 130 28 3 1 0
120 220 110 12 3 1 0
120 220 90 0 3 1 0
120 220 70 16 3 1 0
120 220 50 32 3 1 0
120 220 30 48 3 1 0
120 220 10 64 3 1 0
120 220 780 200 3 2 0
120 220 750 240 3 2 0
120 220 750 240 3 2 0
120 220 750 240 3 2 0
95 220 750 240 3 2 0
95 220 750 240 3 2 0
95 220 750 240 3 2 0
95 220 750 240 3 2 0
95 220 750 240 3 2 0
95 220 750 240 3 2 0
95 220 750 240 3 2 0
95 220 750 240 3 2 0
95 220 750 240 3 2 0
95 220 750 240 3 2 0
95 220 750 240 3 2 0
95 220 750 240 3 2 0
95 220 750 240 3 2 0
95 220 750 240 3 2 0
95 220 750 240 3 2 0
95 220 750 240 3 2 0
95 220 750 240 3 2 0
95 220 750 240 3 2 0
95 220 750 240 3 2 0
95 220 750 240 3 2 0
95 220 750 240 3 2 0
95 220 750 240 3 2 0
95 220 750 240 3 2 0
95 220 750 240 3 2 0
95 220 750 240 3 2 0
95 220 750 240 3 2 0
95 220 750 240 3 2 0
95 220 750 240 3 2 0
95 220 750 240 3 2 0
95 220 750 240 3 2 0
95 220 750 240 3 2 0
95 220 750 240 3 2 0
95 220 750 240 3 2 0
95 220 750 240 3 2 0
95 220 750 240 3 2 0
95 220 750 240 3 2 0
95 220 750 240 3 2 0
95 220 750 240 3 2 0
95 220 750 240 3 2 0
95 220 750 240 3 2 0
95 220 750 240 3 2 0
95 220 750 240 3 2 0
95 220 750 240 3 2 0
95 220 750 240 3 2 0
95 220 750 240 3 2 0
95 220 750 240 3 2 0
95 220 750 240 3 2 0
95 220 750 240 3 2 0
95 220 750 240 3 2 0
95 220 750 240 3 2 0
95 220 750 240 3 2 0
95 220 750 240 3 2 0
95 220 750 240 3 2 0
95 220 750 240 3 2 0
95 220 750 240 3 2 0
95 220 750 240 3 2 0
95 220 750 240 3 2 0
95 220 750 240 3 2 0
95 220 750 240 3 2 0
95 220 750 240 3 2 0
95 220 750 240 3 2 0
95 220 750 240 3 2 0
95 220 750 240 3 2 0
95 220 750 240 3 2 0
95 220 750 240 3 2 0
95 220 750 240 3 2 0
95 220 750 240 3 2 0
95 220 750 240 3 2 0
95 220 750 240 3 2 0
95 220 750 240 3 2 0
95 220 750 240 3 2 0
95 220 750 240 3 2 0
95 220 750 240 3 2 0
95 220 750 240 3 2 0
95 220 750 240 3 2 0
95 220 750 240 3 2 0
95 220 750 240 3 2 0
95 220 750 240 3 2 0
95 220 750 240 3 2 0
95 220 750 240 3 2 0
95 220 750 240 3 2 0
95 220 750 240 3 2 0
95 220 750 240 3 2 0
95 220 750 240 3 2 0
95 220 750 240 3 2 0
95 220 750 240 3 2 0
95 220 750 240 3 2 0
95 220 750 240 3 2 0
95 220 750 240 3 2 0
95 220 750 240 3 2 0
95 220 750 240 3 2 0
95 220 750 240 3 2 0
95 220 750 240 3 2 0
95 220 750 240 3 2 0
95 220 750 240 3 2 0
95 220 750 240 3 2 0
95 220 750 240 3 2 0
95 220 750 240 3 2 0
95 220 750 240 3 2 0
95 220 750 240 3 2 0
95 220 750 240 3 2 0
95 220 750 240 3 2 0
95 220 750 240 3 2 0
95 220 750 240 3 2 0
95 220 750 240 3 2 0
95 220 750 240 3 2 0
95 220 750 240 3 2 0
95 220 750 240 3 2 0
95 220 750 240 3 2 0
95 220 750 240 3 2 0
95 220 750 240 3 2 0
95 220 750 240 3 2 0
95 220 750 240 3 2 0
95 220 750 240 3 2 0
95 220 750 240 3 2 0
95 220 750 240 3 2 0
95 220 750 240 3 2 0
95 220 750 240 3 2 0
95 220 750 240 3 2 0
95 220 750 240 3 2 0
95 220 750 240 3 2 0
95 220 750 240 3 2 0
95 220 750 240 3 2 0
95 220 750 240 3 2 0
95 220 750 240 3 2 0
95 220 750 240 3 2 0
95 220 750 240 3 2 0
95 220 750 240 3 2 0
95 220 750 240 3 2 0
95 220 750 240 3 2 0
95 220 750 240 3 2 0
95 220 750 240 3 2 0
