170 170 30 190 0 0 0
170 170 30 190 0 0 0
170 170 30 190 0 0 0
170 170 30 190 0 0 0
170 170 30 190 0 0 0
170 170 30 190 0 0 0
170 170 30 190 0 0 0
170 170 30 190 0 0 0
170 170 30 190 0 0 0
170 170 30 190 0 0 0
170 170 30 190 0 0 0
170 170 30 190 0 0 0
170 170 30 190 0 0 0
170 170 30 190 0 0 0
170 170 30 190 0 0 0
170 170 30 190 0 0 0
170 170 30 190 0 0 0
170 170 30 190 0 0 0
170 170 30 190 0 0 0
170 170 30 190 0 0 0
170 170 30 190 0 0 0
170 170 30 190 0 0 0
170 170 30 190 0 0 0
170 170 30 190 0 0 0
170 170 30 190 0 0 0
170 170 30 190 0 0 0
170 170 30 190 0 0 0
170 170 30 190 0 0 0
170 170 30 190 0 0 0
170 170 30 190 0 0 0
170 170 30 190 0 0 0
170 170 30 190 0 0 0
170 170 30 190 0 0 0
170 170 30 190 0 0 0
170 170 30 190 0 0 0
170 170 30 190 0 0 0
170 170 30 190 0 0 0
170 170 30 190 0 0 0
170 170 30 190 0 0 0
170 170 30 190 0 0 0
170 170 30 190 0 0 0
170 170 30 190 0 0 0
170 170 30 190 0 0 0
170 170 30 190 0 0 0
170 170 30 190 0 0 0
170 170 30 190 0 0 0
170 170 30 190 0 0 0
170 170 30 190 0 0 0
170 170 30 190 0 0 0
170 170 30 190 0 0 0
170 170 30 190 0 0 0
170 170 30 190 0 0 0
170 170 30 190 0 0 0
170 170 30 190 0 0 0
170 170 30 190 0 0 0
160 160 30 190 0 0 3
150 150 30 180 0 0 3
140 140 30 170 0 0 3
152 152 40 182 0 0 3
164 164 50 194 0 0 3
176 176 60 206 0 0 3
188 188 70 218 0 0 3
200 200 80 230 0 0 3
212 212 90 242 0 0 3
224 224 100 254 0 0 3
236 236 110 266 0 0 3
248 248 120 278 0 0 3
260 260 130 290 0 0 3
272 272 140 302 0 0 3
284 284 150 314 0 0 3
296 296 160 326 0 0 3
308 308 170 338 0 0 3
320 320 180 350 0 0 3
332 332 190 362 0 0 3
344 344 200 374 0 0 3
350 350 210 380 0 0 3
338 338 220 368 0 0 3
326 326 230 356 0 0 3
314 314 240 344 0 0 3
302 302 250 332 0 0 3
290 290 260 320 0 0 3
278 278 270 308 0 0 3
266 266 280 296 0 0 3
254 254 290 284 0 0 3
242 242 300 272 0 0 3
230 230 310 260 0 0 3
218 218 320 248 0 0 3
206 206 330 236 0 0 3
194 194 340 224 0 0 3
182 182 350 212 0 0 3
170 170 360 200 0 0 3
158 158 370 188 0 0 3
146 146 380 176 0 0 3
134 134 390 164 0 0 3
122 122 400 152 0 0 3
110 110 410 140 0 0 3
98 98 420 128 0 0 3
86 86 430 116 0 0 3
74 74 440 104 0 0 3
62 62 450 92 0 0 3
50 50 460 80 0 0 3
38 38 470 68 0 0 3
26 26 480 56 0 0 3
14 14 490 44 0 0 3
2 2 500 32 0 0 3
-10 -10 510 20 0 0 3
-22 -22 520 8 0 0 3
-30 -30 530 0 0 0 3
-18 -18 540 12 0 0 3
-6 -6 550 24 0 0 3
6 6 560 36 0 0 3
18 18 570 48 0 0 3
30 30 580 60 0 0 3
42 42 590 72 0 0 3
54 54 600 84 0 0 3
66 66 610 96 0 0 3
78 78 620 108 0 0 3
90 90 630 120 0 0 3
102 102 640 132 0 0 3
114 114 650 144 0 0 3
126 126 660 156 0 0 3
138 138 670 168 0 0 3
150 150 680 180 0 0 3
162 162 690 192 0 0 3
174 174 700 204 0 0 3
186 186 710 216 0 0 3
198 198 720 228 0 0 3
210 210 730 240 0 0 3
222 222 740 252 0 0 3
234 234 750 264 0 0 3
246 246 750 276 0 0 3
262 262 734 292 0 0 3
278 278 718 308 0 0 3
294 294 702 324 0 0 3
310 310 686 340 0 0 3
326 326 670 356 0 0 3
342 342 654 372 0 0 3
350 350 638 380 0 0 3
334 334 622 364 0 0 3
318 318 606 348 0 0 3
302 302 590 332 0 0 3
286 286 574 316 0 0 3
270 270 558 300 0 0 3
254 254 542 284 0 0 3
238 238 526 268 0 0 3
222 222 510 252 0 0 3
206 206 494 236 0 0 3
190 190 478 220 0 0 3
174 174 462 204 0 0 3
158 158 446 188 0 0 3
142 142 430 172 0 0 3
126 126 414 156 0 0 3
110 110 398 140 0 0 3
94 94 382 124 0 0 3
78 78 366 108 0 0 3
62 62 350 92 0 0 3
46 46 334 76 0 0 3
30 30 318 60 0 0 3
14 14 302 44 0 0 3
-2 -2 286 28 0 0 3
-18 -18 270 12 0 0 3
-30 -30 254 0 0 0 3
-14 -14 238 16 0 0 3
2 2 222 32 0 0 3
18 18 206 48 0 0 3
34 34 190 64 0 0 3
50 50 174 80 0 0 3
66 66 158 96 0 0 3
82 82 142 112 0 0 3
98 98 126 128 0 0 3
114 114 110 144 0 0 3
130 130 94 160 0 0 3
146 146 78 176 0 0 3
162 162 62 192 0 0 3
178 178 46 208 0 0 3
194 194 30 224 0 0 3
210 210 25 240 0 0 3
194 194 43 224 0 0 3
178 178 61 208 0 0 3
162 162 79 192 0 0 3
146 146 97 176 0 0 3
130 130 115 160 0 0 3
114 114 133 144 0 0 3
98 98 151 128 0 0 3
82 82 169 112 0 0 3
66 66 187 96 0 0 3
50 50 205 80 0 0 3
34 34 223 64 0 0 3
18 18 241 48 0 0 3
2 2 259 32 0 0 3
-14 -14 277 16 0 0 3
-30 -30 295 0 0 0 3
-30 -30 313 0 0 0 3
-14 -14 331 16 0 0 3
2 2 349 32 0 0 3
18 18 367 48 0 0 3
34 34 385 64 0 0 3
50 50 403 80 0 0 3
66 66 421 96 0 0 3
82 82 439 112 0 0 3
98 98 457 128 0 0 3
114 114 475 144 0 0 3
130 130 493 160 0 0 3
146 146 511 176 0 0 3
162 162 529 192 0 0 3
178 178 547 208 0 0 3
194 194 565 224 0 0 3
210 210 583 240 0 0 3
226 226 601 256 0 0 3
242 242 619 272 0 0 3
258 258 637 288 0 0 3
274 274 655 304 0 0 3
290 290 673 320 0 0 3
306 306 691 336 0 0 3
322 322 709 352 0 0 3
338 338 727 368 0 0 3
350 350 745 380 0 0 3
334 334 750 364 0 0 3
316 316 740 346 0 0 3
298 298 730 328 0 0 3
280 280 720 310 0 0 3
262 262 710 292 0 0 3
244 244 700 274 0 0 3
226 226 690 256 0 0 3
208 208 680 238 0 0 3
190 190 670 220 0 0 3
172 172 660 202 0 0 3
154 154 650 184 0 0 3
136 136 640 166 0 0 3
118 118 630 148 0 0 3
100 100 620 130 0 0 3
82 82 610 112 0 0 3
64 64 600 94 0 0 3
46 46 590 76 0 0 3
28 28 580 58 0 0 3
10 10 570 40 0 0 3
-8 -8 560 22 0 0 3
-26 -26 550 4 0 0 3
-30 -30 540 0 0 0 3
-12 -12 530 18 0 0 3
6 6 520 36 0 0 3
24 24 510 54 0 0 3
42 42 500 72 0 0 3
60 60 490 90 0 0 3
78 78 480 108 0 0 3
96 96 470 126 0 0 3
114 114 460 144 0 0 3
132 132 450 162 0 0 3
150 150 440 180 0 0 3
168 168 430 198 0 0 3
186 186 420 216 0 0 3
204 204 410 234 0 0 3
222 222 400 252 0 0 3
240 240 390 270 0 0 3
258 258 380 288 0 0 3
276 276 370 306 0 0 3
294 294 360 324 0 0 3
312 312 350 342 0 0 3
330 330 340 360 0 0 3
348 348 330 378 0 0 3
350 350 320 380 0 0 3
332 332 310 362 0 0 3
314 314 300 344 0 0 3
296 296 290 326 0 0 3
278 278 280 308 0 0 3
260 260 270 290 0 0 3
242 242 260 272 0 0 3
224 224 250 254 0 0 3
206 206 240 236 0 0 3
188 188 230 218 0 0 3
170 170 220 200 0 0 3
152 152 210 182 0 0 3
134 134 200 164 0 0 3
116 116 190 146 0 0 3
98 98 180 128 0 0 3
80 80 170 110 0 0 3
62 62 160 92 0 0 3
44 44 150 74 0 0 3
26 26 140 56 0 0 3
8 8 130 38 0 0 3
-10 -10 120 20 0 0 3
-28 -28 110 2 0 0 3
-30 -30 100 0 0 0 3
-12 -12 90 18 0 0 3
6 6 80 36 0 0 3
24 24 70 54 0 0 3
42 42 60 72 0 0 3
60 60 50 90 0 0 3
78 78 40 108 0 0 3
96 96 30 126 0 0 3
114 114 25 144 0 0 3
103 103 36 133 0 0 3
92 92 47 122 0 0 3
81 81 58 111 0 0 3
70 70 69 100 0 0 3
59 59 80 89 0 0 3
48 48 91 78 0 0 3
37 37 102 67 0 0 3
26 26 113 56 0 0 3
15 15 124 45 0 0 3
4 4 135 34 0 0 3
-7 -7 146 23 0 0 3
-18 -18 157 12 0 0 3
-29 -29 168 1 0 0 3
-30 -30 179 0 0 0 3
-19 -19 190 11 0 0 3
-8 -8 201 22 0 0 3
3 3 212 33 0 0 3
14 14 223 44 0 0 3
25 25 234 55 0 0 3
36 36 245 66 0 0 3
47 47 256 77 0 0 3
58 58 267 88 0 0 3
69 69 278 99 0 0 3
80 80 289 110 0 0 3
91 91 300 121 0 0 3
102 102 311 132 0 0 3
113 113 322 143 0 0 3
124 124 333 154 0 0 3
135 135 344 165 0 0 3
146 146 355 176 0 0 3
157 157 366 187 0 0 3
168 168 377 198 0 0 3
179 179 388 209 0 0 3
190 190 399 220 0 0 3
201 201 410 231 0 0 3
212 212 421 242 0 0 3
223 223 432 253 0 0 3
234 234 443 264 0 0 3
245 245 454 275 0 0 3
256 256 465 286 0 0 3
267 267 476 297 0 0 3
278 278 487 308 0 0 3
289 289 498 319 0 0 3
300 300 509 330 0 0 3
311 311 520 341 0 0 3
322 322 531 352 0 0 3
333 333 542 363 0 0 3
344 344 553 374 0 0 3
350 350 564 380 0 0 3
339 339 575 369 0 0 3
328 328 586 358 0 0 3
317 317 597 347 0 0 3
306 306 608 336 0 0 3
295 295 619 325 0 0 3
284 284 630 314 0 0 3
273 273 641 303 0 0 3
262 262 652 292 0 0 3
251 251 663 281 0 0 3
240 240 674 270 0 0 3
229 229 685 259 0 0 3
218 218 696 248 0 0 3
207 207 707 237 0 0 3
196 196 718 226 0 0 3
185 185 729 215 0 0 3
174 174 740 204 0 0 3
163 163 751 193 0 0 3
152 152 750 182 0 0 3
137 137 730 167 0 0 3
122 122 710 152 0 0 3
107 107 690 137 0 0 3
92 92 670 122 0 0 3
77 77 650 107 0 0 3
62 62 630 92 0 0 3
47 47 610 77 0 0 3
32 32 590 62 0 0 3
17 17 570 47 0 0 3
2 2 550 32 0 0 3
-13 -13 530 17 0 0 3
-28 -28 510 2 0 0 3
-30 -30 490 0 0 0 3
-15 -15 470 15 0 0 3
0 0 450 30 0 0 3
15 15 430 45 0 0 3
30 30 410 60 0 0 3
45 45 390 75 0 0 3
60 60 370 90 0 0 3
75 75 350 105 0 0 3
90 90 330 120 0 0 3
105 105 310 135 0 0 3
120 120 290 150 0 0 3
135 135 270 165 0 0 3
150 150 250 180 0 0 3
165 165 230 195 0 0 3
180 180 210 210 0 0 3
195 195 190 225 0 0 3
210 210 170 240 0 0 3
225 225 150 255 0 0 3
240 240 130 270 0 0 3
255 255 110 285 0 0 3
270 270 90 300 0 0 3
285 285 70 315 0 0 3
300 300 50 330 0 0 3
315 315 30 345 0 0 3
330 330 25 360 0 0 3
311 311 38 341 0 0 3
292 292 51 322 0 0 3
273 273 64 303 0 0 3
254 254 77 284 0 0 3
235 235 90 265 0 0 3
216 216 103 246 0 0 3
197 197 116 227 0 0 3
178 178 129 208 0 0 3
159 159 142 189 0 0 3
140 140 155 170 0 0 3
121 121 168 151 0 0 3
102 102 181 132 0 0 3
83 83 194 113 0 0 3
64 64 207 94 0 0 3
45 45 220 75 0 0 3
26 26 233 56 0 0 3
7 7 246 37 0 0 3
-12 -12 259 18 0 0 3
-30 -30 272 0 0 0 3
-11 -11 285 19 0 0 3
8 8 298 38 0 0 3
27 27 311 57 0 0 3
46 46 324 76 0 0 3
65 65 337 95 0 0 3
84 84 350 114 0 0 3
103 103 363 133 0 0 3
122 122 376 152 0 0 3
141 141 389 171 0 0 3
160 160 402 190 0 0 3
179 179 415 209 0 0 3
198 198 428 228 0 0 3
217 217 441 247 0 0 3
236 236 454 266 0 0 3
255 255 467 285 0 0 3
274 274 480 304 0 0 3
293 293 493 323 0 0 3
312 312 506 342 0 0 3
331 331 519 361 0 0 3
350 350 532 380 0 0 3
350 350 545 380 0 0 3
331 331 558 361 0 0 3
312 312 571 342 0 0 3
293 293 584 323 0 0 3
274 274 597 304 0 0 3
255 255 610 285 0 0 3
236 236 623 266 0 0 3
217 217 636 247 0 0 3
198 198 649 228 0 0 3
179 179 662 209 0 0 3
160 160 675 190 0 0 3
141 141 688 171 0 0 3
122 122 701 152 0 0 3
103 103 714 133 0 0 3
84 84 727 114 0 0 3
65 65 740 95 0 0 3
46 46 753 76 0 0 3
27 27 750 57 0 0 3
8 8 730 38 0 0 3
-11 -11 710 19 0 0 3
-30 -30 690 0 0 0 3
-30 -30 670 0 0 0 3
-11 -11 650 19 0 0 3
8 8 630 38 0 0 3
27 27 610 57 0 0 3
46 46 590 76 0 0 3
65 65 570 95 0 0 3
84 84 550 114 0 0 3
103 103 530 133 0 0 3
122 122 510 152 0 0 3
141 141 490 171 0 0 3
160 160 470 190 0 0 3
179 179 450 209 0 0 3
198 198 430 228 0 0 3
217 217 410 247 0 0 3
236 236 390 266 0 0 3
255 255 370 285 0 0 3
274 274 350 304 0 0 3
293 293 330 323 0 0 3
312 312 310 342 0 0 3
331 331 290 361 0 0 3
350 350 270 380 0 0 3
350 350 250 380 0 0 3
331 331 230 361 0 0 3
312 312 210 342 0 0 3
293 293 190 323 0 0 3
274 274 170 304 0 0 3
255 255 150 285 0 0 3
236 236 130 266 0 0 3
217 217 110 247 0 0 3
198 198 90 228 0 0 3
179 179 70 209 0 0 3
160 160 50 190 0 0 3
141 141 30 171 0 0 3
122 122 25 152 0 0 3
111 111 40 141 0 0 3
100 100 55 130 0 0 3
89 89 70 119 0 0 3
78 78 85 108 0 0 3
67 67 100 97 0 0 3
56 56 115 86 0 0 3
45 45 130 75 0 0 3
34 34 145 64 0 0 3
23 23 160 53 0 0 3
12 12 175 42 0 0 3
1 1 190 31 0 0 3
-10 -10 205 20 0 0 3
-21 -21 220 9 0 0 3
-30 -30 235 0 0 0 3
-19 -19 250 11 0 0 3
-8 -8 265 22 0 0 3
3 3 280 33 0 0 3
14 14 295 44 0 0 3
25 25 310 55 0 0 3
36 36 325 66 0 0 3
47 47 340 77 0 0 3
58 58 355 88 0 0 3
69 69 370 99 0 0 3
80 80 385 110 0 0 3
91 91 400 121 0 0 3
102 102 415 132 0 0 3
113 113 430 143 0 0 3
124 124 445 154 0 0 3
135 135 460 165 0 0 3
146 146 475 176 0 0 3
157 157 490 187 0 0 3
168 168 505 198 0 0 3
179 179 520 209 0 0 3
190 190 535 220 0 0 3
201 201 550 231 0 0 3
212 212 565 242 0 0 3
223 223 580 253 0 0 3
234 234 595 264 0 0 3
245 245 610 275 0 0 3
256 256 625 286 0 0 3
267 267 640 297 0 0 3
278 278 655 308 0 0 3
289 289 670 319 0 0 3
300 300 685 330 0 0 3
311 311 700 341 0 0 3
322 322 715 352 0 0 3
333 333 730 363 0 0 3
344 344 745 374 0 0 3
350 350 750 380 0 0 3
336 336 730 366 0 0 3
322 322 710 352 0 0 3
308 308 690 338 0 0 3
294 294 670 324 0 0 3
280 280 650 310 0 0 3
266 266 630 296 0 0 3
252 252 610 282 0 0 3
238 238 590 268 0 0 3
224 224 570 254 0 0 3
210 210 550 240 0 0 3
196 196 530 226 0 0 3
182 182 510 212 0 0 3
168 168 490 198 0 0 3
154 154 470 184 0 0 3
140 140 450 170 0 0 3
126 126 430 156 0 0 3
112 112 410 142 0 0 3
98 98 390 128 0 0 3
84 84 370 114 0 0 3
70 70 350 100 0 0 3
56 56 330 86 0 0 3
42 42 310 72 0 0 3
28 28 290 58 0 0 3
14 14 270 44 0 0 3
0 0 250 30 0 0 3
-14 -14 230 16 0 0 3
-28 -28 210 2 0 0 3
-30 -30 190 0 0 0 3
-16 -16 170 14 0 0 3
-2 -2 150 28 0 0 3
12 12 130 42 0 0 3
26 26 110 56 0 0 3
40 40 90 70 0 0 3
54 54 70 84 0 0 3
68 68 50 98 0 0 3
82 82 30 112 0 0 3
96 96 25 126 0 0 3
76 76 41 106 0 0 3
56 56 57 86 0 0 3
36 36 73 66 0 0 3
16 16 89 46 0 0 3
-4 -4 105 26 0 0 3
-24 -24 121 6 0 0 3
-30 -30 137 0 0 0 3
-10 -10 153 20 0 0 3
10 10 169 40 0 0 3
30 30 185 60 0 0 3
50 50 201 80 0 0 3
70 70 217 100 0 0 3
90 90 233 120 0 0 3
110 110 249 140 0 0 3
130 130 265 160 0 0 3
150 150 281 180 0 0 3
170 170 297 200 0 0 3
190 190 313 220 0 0 3
210 210 329 240 0 0 3
230 230 345 260 0 0 3
250 250 361 280 0 0 3
270 270 377 300 0 0 3
290 290 393 320 0 0 3
310 310 409 340 0 0 3
330 330 425 360 0 0 3
350 350 441 380 0 0 3
350 350 457 380 0 0 3
330 330 473 360 0 0 3
310 310 489 340 0 0 3
290 290 505 320 0 0 3
270 270 521 300 0 0 3
250 250 537 280 0 0 3
230 230 553 260 0 0 3
210 210 569 240 0 0 3
190 190 585 220 0 0 3
170 170 601 200 0 0 3
150 150 617 180 0 0 3
130 130 633 160 0 0 3
110 110 649 140 0 0 3
90 90 665 120 0 0 3
70 70 681 100 0 0 3
50 50 697 80 0 0 3
30 30 713 60 0 0 3
10 10 729 40 0 0 3
-10 -10 745 20 0 0 3
-30 -30 750 0 0 0 3
-30 -30 735 0 0 0 3
-16 -16 720 14 0 0 3
-2 -2 705 28 0 0 3
12 12 690 42 0 0 3
26 26 675 56 0 0 3
40 40 660 70 0 0 3
54 54 645 84 0 0 3
68 68 630 98 0 0 3
82 82 615 112 0 0 3
96 96 600 126 0 0 3
110 110 585 140 0 0 3
124 124 570 154 0 0 3
138 138 555 168 0 0 3
152 152 540 182 0 0 3
166 166 525 196 0 0 3
180 180 510 210 0 0 3
194 194 495 224 0 0 3
208 208 480 238 0 0 3
222 222 465 252 0 0 3
236 236 450 266 0 0 3
250 250 435 280 0 0 3
264 264 420 294 0 0 3
278 278 405 308 0 0 3
292 292 390 322 0 0 3
306 306 375 336 0 0 3
320 320 360 350 0 0 3
334 334 345 364 0 0 3
348 348 330 378 0 0 3
350 350 315 380 0 0 3
336 336 300 366 0 0 3
322 322 285 352 0 0 3
308 308 270 338 0 0 3
294 294 255 324 0 0 3
280 280 240 310 0 0 3
266 266 225 296 0 0 3
252 252 210 282 0 0 3
238 238 195 268 0 0 3
224 224 180 254 0 0 3
210 210 165 240 0 0 3
196 196 150 226 0 0 3
182 182 135 212 0 0 3
168 168 120 198 0 0 3
154 154 105 184 0 0 3
140 140 90 170 0 0 3
126 126 75 156 0 0 3
112 112 60 142 0 0 3
98 98 45 128 0 0 3
84 84 30 114 0 0 3
70 70 25 100 0 0 3
54 54 42 84 0 0 3
38 38 59 68 0 0 3
22 22 76 52 0 0 3
6 6 93 36 0 0 3
-10 -10 110 20 0 0 3
-26 -26 127 4 0 0 3
-30 -30 144 0 0 0 3
-14 -14 161 16 0 0 3
2 2 178 32 0 0 3
18 18 195 48 0 0 3
34 34 212 64 0 0 3
50 50 229 80 0 0 3
66 66 246 96 0 0 3
82 82 263 112 0 0 3
98 98 280 128 0 0 3
114 114 297 144 0 0 3
130 130 314 160 0 0 3
146 146 331 176 0 0 3
162 162 348 192 0 0 3
178 178 365 208 0 0 3
194 194 382 224 0 0 3
210 210 399 240 0 0 3
226 226 416 256 0 0 3
242 242 433 272 0 0 3
258 258 450 288 0 0 3
274 274 467 304 0 0 3
290 290 484 320 0 0 3
306 306 501 336 0 0 3
322 322 518 352 0 0 3
338 338 535 368 0 0 3
350 350 552 380 0 0 3
334 334 569 364 0 0 3
318 318 586 348 0 0 3
302 302 603 332 0 0 3
286 286 620 316 0 0 3
270 270 637 300 0 0 3
254 254 654 284 0 0 3
238 238 671 268 0 0 3
222 222 688 252 0 0 3
206 206 705 236 0 0 3
190 190 722 220 0 0 3
174 174 739 204 0 0 3
158 158 756 188 0 0 3
142 142 750 172 0 0 3
123 123 735 153 0 0 3
104 104 720 134 0 0 3
85 85 705 115 0 0 3
66 66 690 96 0 0 3
47 47 675 77 0 0 3
28 28 660 58 0 0 3
9 9 645 39 0 0 3
-10 -10 630 20 0 0 3
-29 -29 615 1 0 0 3
-30 -30 600 0 0 0 3
-11 -11 585 19 0 0 3
8 8 570 38 0 0 3
27 27 555 57 0 0 3
46 46 540 76 0 0 3
65 65 525 95 0 0 3
84 84 510 114 0 0 3
103 103 495 133 0 0 3
122 122 480 152 0 0 3
141 141 465 171 0 0 3
160 160 450 190 0 0 3
179 179 435 209 0 0 3
198 198 420 228 0 0 3
217 217 405 247 0 0 3
236 236 390 266 0 0 3
255 255 375 285 0 0 3
274 274 360 304 0 0 3
293 293 345 323 0 0 3
312 312 330 342 0 0 3
331 331 315 361 0 0 3
350 350 300 380 0 0 3
350 350 285 380 0 0 3
331 331 270 361 0 0 3
312 312 255 342 0 0 3
293 293 240 323 0 0 3
274 274 225 304 0 0 3
255 255 210 285 0 0 3
236 236 195 266 0 0 3
217 217 180 247 0 0 3
198 198 165 228 0 0 3
179 179 150 209 0 0 3
160 160 135 190 0 0 3
141 141 120 171 0 0 3
122 122 105 152 0 0 3
103 103 90 133 0 0 3
84 84 75 114 0 0 3
65 65 60 95 0 0 3
46 46 45 76 0 0 3
27 27 30 57 0 0 3
8 8 25 38 0 0 3
-6 -6 41 24 0 0 3
-20 -20 57 10 0 0 3
-30 -30 73 0 0 0 3
-16 -16 89 14 0 0 3
-2 -2 105 28 0 0 3
12 12 121 42 0 0 3
26 26 137 56 0 0 3
40 40 153 70 0 0 3
54 54 169 84 0 0 3
68 68 185 98 0 0 3
82 82 201 112 0 0 3
96 96 217 126 0 0 3
110 110 233 140 0 0 3
124 124 249 154 0 0 3
138 138 265 168 0 0 3
152 152 281 182 0 0 3
166 166 297 196 0 0 3
180 180 313 210 0 0 3
194 194 329 224 0 0 3
208 208 345 238 0 0 3
222 222 361 252 0 0 3
236 236 377 266 0 0 3
250 250 393 280 0 0 3
264 264 409 294 0 0 3
278 278 425 308 0 0 3
292 292 441 322 0 0 3
306 306 457 336 0 0 3
320 320 473 350 0 0 3
334 334 489 364 0 0 3
348 348 505 378 0 0 3
350 350 521 380 0 0 3
336 336 537 366 0 0 3
322 322 553 352 0 0 3
308 308 569 338 0 0 3
294 294 585 324 0 0 3
280 280 601 310 0 0 3
266 266 617 296 0 0 3
252 252 633 282 0 0 3
238 238 649 268 0 0 3
224 224 665 254 0 0 3
210 210 681 240 0 0 3
196 196 697 226 0 0 3
182 182 713 212 0 0 3
168 168 729 198 0 0 3
154 154 745 184 0 0 3
140 140 750 170 0 0 3
121 121 730 151 0 0 3
102 102 710 132 0 0 3
83 83 690 113 0 0 3
64 64 670 94 0 0 3
45 45 650 75 0 0 3
26 26 630 56 0 0 3
7 7 610 37 0 0 3
-12 -12 590 18 0 0 3
-30 -30 570 0 0 0 3
-11 -11 550 19 0 0 3
8 8 530 38 0 0 3
27 27 510 57 0 0 3
46 46 490 76 0 0 3
65 65 470 95 0 0 3
84 84 450 114 0 0 3
103 103 430 133 0 0 3
122 122 410 152 0 0 3
141 141 390 171 0 0 3
160 160 370 190 0 0 3
179 179 350 209 0 0 3
198 198 330 228 0 0 3
217 217 310 247 0 0 3
236 236 290 266 0 0 3
255 255 270 285 0 0 3
274 274 250 304 0 0 3
293 293 230 323 0 0 3
312 312 210 342 0 0 3
331 331 190 361 0 0 3
350 350 170 380 0 0 3
350 350 150 380 0 0 3
331 331 130 361 0 0 3
312 312 110 342 0 0 3
293 293 90 323 0 0 3
274 274 70 304 0 0 3
255 255 50 285 0 0 3
236 236 30 266 0 0 3
217 217 25 247 0 0 3
202 202 45 232 0 0 3
187 187 65 217 0 0 3
172 172 85 202 0 0 3
157 157 105 187 0 0 3
142 142 125 172 0 0 3
127 127 145 157 0 0 3
112 112 165 142 0 0 3
97 97 185 127 0 0 3
82 82 205 112 0 0 3
67 67 225 97 0 0 3
52 52 245 82 0 0 3
37 37 265 67 0 0 3
22 22 285 52 0 0 3
7 7 305 37 0 0 3
-8 -8 325 22 0 0 3
-23 -23 345 7 0 0 3
-30 -30 365 0 0 0 3
-15 -15 385 15 0 0 3
0 0 405 30 0 0 3
15 15 425 45 0 0 3
30 30 445 60 0 0 3
45 45 465 75 0 0 3
60 60 485 90 0 0 3
75 75 505 105 0 0 3
90 90 525 120 0 0 3
105 105 545 135 0 0 3
120 120 565 150 0 0 3
135 135 585 165 0 0 3
150 150 605 180 0 0 3
165 165 625 195 0 0 3
180 180 645 210 0 0 3
195 195 665 225 0 0 3
210 210 685 240 0 0 3
225 225 705 255 0 0 3
240 240 725 270 0 0 3
255 255 745 285 0 0 3
270 270 750 300 0 0 3
282 282 731 312 0 0 3
294 294 712 324 0 0 3
306 306 693 336 0 0 3
318 318 674 348 0 0 3
330 330 655 360 0 0 3
342 342 636 372 0 0 3
350 350 617 380 0 0 3
338 338 598 368 0 0 3
326 326 579 356 0 0 3
314 314 560 344 0 0 3
302 302 541 332 0 0 3
290 290 522 320 0 0 3
278 278 503 308 0 0 3
266 266 484 296 0 0 3
254 254 465 284 0 0 3
242 242 446 272 0 0 3
230 230 427 260 0 0 3
218 218 408 248 0 0 3
206 206 389 236 0 0 3
194 194 370 224 0 0 3
182 182 351 212 0 0 3
170 170 332 200 0 0 3
158 158 313 188 0 0 3
146 146 294 176 0 0 3
134 134 275 164 0 0 3
122 122 256 152 0 0 3
110 110 237 140 0 0 3
98 98 218 128 0 0 3
86 86 199 116 0 0 3
74 74 180 104 0 0 3
62 62 161 92 0 0 3
50 50 142 80 0 0 3
38 38 123 68 0 0 3
26 26 104 56 0 0 3
14 14 85 44 0 0 3
2 2 66 32 0 0 3
-10 -10 47 20 0 0 3
-22 -22 28 8 0 0 3
-30 -30 25 0 0 0 3
-30 -30 35 0 0 0 3
-10 -10 45 20 0 0 3
10 10 55 40 0 0 3
30 30 65 60 0 0 3
50 50 75 80 0 0 3
70 70 85 100 0 0 3
90 90 95 120 0 0 3
110 110 105 140 0 0 3
130 130 115 160 0 0 3
150 150 125 180 0 0 3
170 170 135 200 0 0 3
190 190 145 220 0 0 3
210 210 155 240 0 0 3
230 230 165 260 0 0 3
250 250 175 280 0 0 3
270 270 185 300 0 0 3
290 290 195 320 0 0 3
310 310 205 340 0 0 3
330 330 215 360 0 0 3
350 350 225 380 0 0 3
350 350 235 380 0 0 3
330 330 245 360 0 0 3
310 310 255 340 0 0 3
290 290 265 320 0 0 3
270 270 275 300 0 0 3
250 250 285 280 0 0 3
230 230 295 260 0 0 3
210 210 305 240 0 0 3
190 190 315 220 0 0 3
170 170 325 200 0 0 3
150 150 335 180 0 0 3
130 130 345 160 0 0 3
110 110 355 140 0 0 3
90 90 365 120 0 0 3
70 70 375 100 0 0 3
50 50 385 80 0 0 3
30 30 395 60 0 0 3
10 10 405 40 0 0 3
-10 -10 415 20 0 0 3
-30 -30 425 0 0 0 3
-30 -30 435 0 0 0 3
-10 -10 445 20 0 0 3
10 10 455 40 0 0 3
30 30 465 60 0 0 3
50 50 475 80 0 0 3
70 70 485 100 0 0 3
90 90 495 120 0 0 3
110 110 505 140 0 0 3
130 130 515 160 0 0 3
150 150 525 180 0 0 3
170 170 535 200 0 0 3
190 190 545 220 0 0 3
210 210 555 240 0 0 3
230 230 565 260 0 0 3
250 250 575 280 0 0 3
270 270 585 300 0 0 3
290 290 595 320 0 0 3
310 310 605 340 0 0 3
330 330 615 360 0 0 3
350 350 625 380 0 0 3
350 350 635 380 0 0 3
330 330 645 360 0 0 3
310 310 655 340 0 0 3
290 290 665 320 0 0 3
270 270 675 300 0 0 3
250 250 685 280 0 0 3
230 230 695 260 0 0 3
210 210 705 240 0 0 3
190 190 715 220 0 0 3
170 170 725 200 0 0 3
150 150 735 180 0 0 3
130 130 745 160 0 0 3
110 110 755 140 0 0 3
90 90 750 120 0 0 3
76 76 730 106 0 0 3
62 62 710 92 0 0 3
48 48 690 78 0 0 3
34 34 670 64 0 0 3
20 20 650 50 0 0 3
6 6 630 36 0 0 3
-8 -8 610 22 0 0 3
-22 -22 590 8 0 0 3
-30 -30 570 0 0 0 3
-16 -16 550 14 0 0 3
-2 -2 530 28 0 0 3
12 12 510 42 0 0 3
26 26 490 56 0 0 3
40 40 470 70 0 0 3
54 54 450 84 0 0 3
68 68 430 98 0 0 3
82 82 410 112 0 0 3
96 96 390 126 0 0 3
110 110 370 140 0 0 3
124 124 350 154 0 0 3
138 138 330 168 0 0 3
152 152 310 182 0 0 3
166 166 290 196 0 0 3
180 180 270 210 0 0 3
194 194 250 224 0 0 3
208 208 230 238 0 0 3
222 222 210 252 0 0 3
236 236 190 266 0 0 3
250 250 170 280 0 0 3
264 264 150 294 0 0 3
278 278 130 308 0 0 3
292 292 110 322 0 0 3
306 306 90 336 0 0 3
320 320 70 350 0 0 3
334 334 50 364 0 0 3
348 348 30 378 0 0 3
350 350 25 380 0 0 3
335 335 45 365 0 0 3
320 320 65 350 0 0 3
305 305 85 335 0 0 3
290 290 105 320 0 0 3
275 275 125 305 0 0 3
260 260 145 290 0 0 3
245 245 165 275 0 0 3
230 230 185 260 0 0 3
215 215 205 245 0 0 3
200 200 225 230 0 0 3
185 185 245 215 0 0 3
170 170 265 200 0 0 3
155 155 285 185 0 0 3
140 140 305 170 0 0 3
125 125 325 155 0 0 3
110 110 345 140 0 0 3
95 95 365 125 0 0 3
80 80 385 110 0 0 3
65 65 405 95 0 0 3
50 50 425 80 0 0 3
35 35 445 65 0 0 3
20 20 465 50 0 0 3
5 5 485 35 0 0 3
-10 -10 505 20 0 0 3
-25 -25 525 5 0 0 3
-30 -30 545 0 0 0 3
-15 -15 565 15 0 0 3
0 0 585 30 0 0 3
15 15 605 45 0 0 3
30 30 625 60 0 0 3
45 45 645 75 0 0 3
60 60 665 90 0 0 3
75 75 685 105 0 0 3
90 90 705 120 0 0 3
105 105 725 135 0 0 3
120 120 745 150 0 0 3
135 135 750 165 0 0 3
151 151 732 181 0 0 3
167 167 714 197 0 0 3
183 183 696 213 0 0 3
199 199 678 229 0 0 3
215 215 660 245 0 0 3
231 231 642 261 0 0 3
247 247 624 277 0 0 3
263 263 606 293 0 0 3
279 279 588 309 0 0 3
295 295 570 325 0 0 3
311 311 552 341 0 0 3
327 327 534 357 0 0 3
343 343 516 373 0 0 3
350 350 498 380 0 0 3
334 334 480 364 0 0 3
318 318 462 348 0 0 3
302 302 444 332 0 0 3
286 286 426 316 0 0 3
270 270 408 300 0 0 3
254 254 390 284 0 0 3
238 238 372 268 0 0 3
222 222 354 252 0 0 3
206 206 336 236 0 0 3
190 190 318 220 0 0 3
174 174 300 204 0 0 3
158 158 282 188 0 0 3
142 142 264 172 0 0 3
126 126 246 156 0 0 3
110 110 228 140 0 0 3
94 94 210 124 0 0 3
78 78 192 108 0 0 3
62 62 174 92 0 0 3
46 46 156 76 0 0 3
30 30 138 60 0 0 3
14 14 120 44 0 0 3
-2 -2 102 28 0 0 3
-18 -18 84 12 0 0 3
-30 -30 66 0 0 0 3
-14 -14 48 16 0 0 3
2 2 30 32 0 0 3
18 18 25 48 0 0 3
3 3 45 33 0 0 3
-12 -12 65 18 0 0 3
-27 -27 85 3 0 0 3
-30 -30 105 0 0 0 3
-15 -15 125 15 0 0 3
0 0 145 30 0 0 3
15 15 165 45 0 0 3
30 30 185 60 0 0 3
45 45 205 75 0 0 3
60 60 225 90 0 0 3
75 75 245 105 0 0 3
90 90 265 120 0 0 3
105 105 285 135 0 0 3
120 120 305 150 0 0 3
135 135 325 165 0 0 3
150 150 345 180 0 0 3
165 165 365 195 0 0 3
180 180 385 210 0 0 3
195 195 405 225 0 0 3
210 210 425 240 0 0 3
225 225 445 255 0 0 3
240 240 465 270 0 0 3
255 255 485 285 0 0 3
270 270 505 300 0 0 3
285 285 525 315 0 0 3
300 300 545 330 0 0 3
315 315 565 345 0 0 3
330 330 585 360 0 0 3
345 345 605 375 0 0 3
350 350 625 380 0 0 3
335 335 645 365 0 0 3
320 320 665 350 0 0 3
305 305 685 335 0 0 3
290 290 705 320 0 0 3
275 275 725 305 0 0 3
260 260 745 290 0 0 3
245 245 750 275 0 0 3
230 230 739 260 0 0 3
215 215 728 245 0 0 3
200 200 717 230 0 0 3
185 185 706 215 0 0 3
170 170 695 200 0 0 3
155 155 684 185 0 0 3
140 140 673 170 0 0 3
125 125 662 155 0 0 3
110 110 651 140 0 0 3
95 95 640 125 0 0 3
80 80 629 110 0 0 3
65 65 618 95 0 0 3
50 50 607 80 0 0 3
35 35 596 65 0 0 3
20 20 585 50 0 0 3
5 5 574 35 0 0 3
-10 -10 563 20 0 0 3
-25 -25 552 5 0 0 3
-30 -30 541 0 0 0 3
-15 -15 530 15 0 0 3
0 0 519 30 0 0 3
15 15 508 45 0 0 3
30 30 497 60 0 0 3
45 45 486 75 0 0 3
60 60 475 90 0 0 3
75 75 464 105 0 0 3
90 90 453 120 0 0 3
105 105 442 135 0 0 3
120 120 431 150 0 0 3
135 135 420 165 0 0 3
150 150 409 180 0 0 3
165 165 398 195 0 0 3
180 180 387 210 0 0 3
195 195 376 225 0 0 3
210 210 365 240 0 0 3
225 225 354 255 0 0 3
240 240 343 270 0 0 3
255 255 332 285 0 0 3
270 270 321 300 0 0 3
285 285 310 315 0 0 3
300 300 299 330 0 0 3
315 315 288 345 0 0 3
330 330 277 360 0 0 3
345 345 266 375 0 0 3
350 350 255 380 0 0 3
335 335 244 365 0 0 3
320 320 233 350 0 0 3
305 305 222 335 0 0 3
290 290 211 320 0 0 3
275 275 200 305 0 0 3
260 260 189 290 0 0 3
245 245 178 275 0 0 3
230 230 167 260 0 0 3
215 215 156 245 0 0 3
200 200 145 230 0 0 3
185 185 134 215 0 0 3
170 170 123 200 0 0 3
155 155 112 185 0 0 3
140 140 101 170 0 0 3
125 125 90 155 0 0 3
110 110 79 140 0 0 3
95 95 68 125 0 0 3
80 80 57 110 0 0 3
65 65 46 95 0 0 3
50 50 35 80 0 0 3
35 35 24 65 0 0 3
20 20 25 50 0 0 3
3 3 36 33 0 0 3
-14 -14 47 16 0 0 3
-30 -30 58 0 0 0 3
-13 -13 69 17 0 0 3
4 4 80 34 0 0 3
21 21 91 51 0 0 3
38 38 102 68 0 0 3
55 55 113 85 0 0 3
72 72 124 102 0 0 3
89 89 135 119 0 0 3
106 106 146 136 0 0 3
123 123 157 153 0 0 3
140 140 168 170 0 0 3
157 157 179 187 0 0 3
174 174 190 204 0 0 3
191 191 201 221 0 0 3
208 208 212 238 0 0 3
225 225 223 255 0 0 3
242 242 234 272 0 0 3
259 259 245 289 0 0 3
276 276 256 306 0 0 3
293 293 267 323 0 0 3
310 310 278 340 0 0 3
327 327 289 357 0 0 3
344 344 300 374 0 0 3
350 350 311 380 0 0 3
333 333 322 363 0 0 3
316 316 333 346 0 0 3
299 299 344 329 0 0 3
282 282 355 312 0 0 3
265 265 366 295 0 0 3
248 248 377 278 0 0 3
231 231 388 261 0 0 3
214 214 399 244 0 0 3
197 197 410 227 0 0 3
180 180 421 210 0 0 3
163 163 432 193 0 0 3
146 146 443 176 0 0 3
129 129 454 159 0 0 3
112 112 465 142 0 0 3
95 95 476 125 0 0 3
78 78 487 108 0 0 3
61 61 498 91 0 0 3
44 44 509 74 0 0 3
27 27 520 57 0 0 3
10 10 531 40 0 0 3
-7 -7 542 23 0 0 3
-24 -24 553 6 0 0 3
-30 -30 564 0 0 0 3
-13 -13 575 17 0 0 3
4 4 586 34 0 0 3
21 21 597 51 0 0 3
38 38 608 68 0 0 3
55 55 619 85 0 0 3
72 72 630 102 0 0 3
89 89 641 119 0 0 3
106 106 652 136 0 0 3
123 123 663 153 0 0 3
140 140 674 170 0 0 3
157 157 685 187 0 0 3
174 174 696 204 0 0 3
191 191 707 221 0 0 3
208 208 718 238 0 0 3
225 225 729 255 0 0 3
242 242 740 272 0 0 3
259 259 751 289 0 0 3
276 276 750 306 0 0 3
290 290 731 320 0 0 3
304 304 712 334 0 0 3
318 318 693 348 0 0 3
332 332 674 362 0 0 3
346 346 655 376 0 0 3
350 350 636 380 0 0 3
336 336 617 366 0 0 3
322 322 598 352 0 0 3
308 308 579 338 0 0 3
294 294 560 324 0 0 3
280 280 541 310 0 0 3
266 266 522 296 0 0 3
252 252 503 282 0 0 3
238 238 484 268 0 0 3
224 224 465 254 0 0 3
210 210 446 240 0 0 3
196 196 427 226 0 0 3
182 182 408 212 0 0 3
168 168 389 198 0 0 3
154 154 370 184 0 0 3
140 140 351 170 0 0 3
126 126 332 156 0 0 3
112 112 313 142 0 0 3
98 98 294 128 0 0 3
84 84 275 114 0 0 3
70 70 256 100 0 0 3
56 56 237 86 0 0 3
42 42 218 72 0 0 3
28 28 199 58 0 0 3
14 14 180 44 0 0 3
0 0 161 30 0 0 3
-14 -14 142 16 0 0 3
-28 -28 123 2 0 0 3
-30 -30 104 0 0 0 3
-16 -16 85 14 0 0 3
-2 -2 66 28 0 0 3
12 12 47 42 0 0 3
26 26 28 56 0 0 3
40 40 25 70 0 0 3
24 24 37 54 0 0 3
8 8 49 38 0 0 3
-8 -8 61 22 0 0 3
-24 -24 73 6 0 0 3
-30 -30 85 0 0 0 3
-14 -14 97 16 0 0 3
2 2 109 32 0 0 3
18 18 121 48 0 0 3
34 34 133 64 0 0 3
50 50 145 80 0 0 3
66 66 157 96 0 0 3
82 82 169 112 0 0 3
98 98 181 128 0 0 3
114 114 193 144 0 0 3
130 130 205 160 0 0 3
146 146 217 176 0 0 3
162 162 229 192 0 0 3
178 178 241 208 0 0 3
194 194 253 224 0 0 3
210 210 265 240 0 0 3
226 226 277 256 0 0 3
242 242 289 272 0 0 3
258 258 301 288 0 0 3
274 274 313 304 0 0 3
290 290 325 320 0 0 3
306 306 337 336 0 0 3
322 322 349 352 0 0 3
338 338 361 368 0 0 3
350 350 373 380 0 0 3
334 334 385 364 0 0 3
318 318 397 348 0 0 3
302 302 409 332 0 0 3
286 286 421 316 0 0 3
270 270 433 300 0 0 3
254 254 445 284 0 0 3
238 238 457 268 0 0 3
222 222 469 252 0 0 3
206 206 481 236 0 0 3
190 190 493 220 0 0 3
174 174 505 204 0 0 3
158 158 517 188 0 0 3
142 142 529 172 0 0 3
126 126 541 156 0 0 3
110 110 553 140 0 0 3
94 94 565 124 0 0 3
78 78 577 108 0 0 3
62 62 589 92 0 0 3
46 46 601 76 0 0 3
30 30 613 60 0 0 3
14 14 625 44 0 0 3
-2 -2 637 28 0 0 3
-18 -18 649 12 0 0 3
-30 -30 661 0 0 0 3
-14 -14 673 16 0 0 3
2 2 685 32 0 0 3
18 18 697 48 0 0 3
34 34 709 64 0 0 3
50 50 721 80 0 0 3
66 66 733 96 0 0 3
82 82 745 112 0 0 3
98 98 757 128 0 0 3
114 114 750 144 0 0 3
133 133 739 163 0 0 3
152 152 728 182 0 0 3
171 171 717 201 0 0 3
190 190 706 220 0 0 3
209 209 695 239 0 0 3
228 228 684 258 0 0 3
247 247 673 277 0 0 3
266 266 662 296 0 0 3
285 285 651 315 0 0 3
304 304 640 334 0 0 3
323 323 629 353 0 0 3
342 342 618 372 0 0 3
350 350 607 380 0 0 3
331 331 596 361 0 0 3
312 312 585 342 0 0 3
293 293 574 323 0 0 3
274 274 563 304 0 0 3
255 255 552 285 0 0 3
236 236 541 266 0 0 3
217 217 530 247 0 0 3
198 198 519 228 0 0 3
179 179 508 209 0 0 3
160 160 497 190 0 0 3
141 141 486 171 0 0 3
122 122 475 152 0 0 3
103 103 464 133 0 0 3
84 84 453 114 0 0 3
65 65 442 95 0 0 3
46 46 431 76 0 0 3
27 27 420 57 0 0 3
8 8 409 38 0 0 3
-11 -11 398 19 0 0 3
-30 -30 387 0 0 0 3
-30 -30 376 0 0 0 3
-11 -11 365 19 0 0 3
8 8 354 38 0 0 3
27 27 343 57 0 0 3
46 46 332 76 0 0 3
65 65 321 95 0 0 3
84 84 310 114 0 0 3
103 103 299 133 0 0 3
122 122 288 152 0 0 3
141 141 277 171 0 0 3
160 160 266 190 0 0 3
179 179 255 209 0 0 3
198 198 244 228 0 0 3
217 217 233 247 0 0 3
236 236 222 266 0 0 3
255 255 211 285 0 0 3
274 274 200 304 0 0 3
293 293 189 323 0 0 3
312 312 178 342 0 0 3
331 331 167 361 0 0 3
350 350 156 380 0 0 3
350 350 145 380 0 0 3
331 331 134 361 0 0 3
312 312 123 342 0 0 3
293 293 112 323 0 0 3
274 274 101 304 0 0 3
255 255 90 285 0 0 3
236 236 79 266 0 0 3
217 217 68 247 0 0 3
198 198 57 228 0 0 3
179 179 46 209 0 0 3
160 160 35 190 0 0 3
141 141 24 171 0 0 3
122 122 25 152 0 0 3
111 111 39 141 0 0 3
100 100 53 130 0 0 3
89 89 67 119 0 0 3
78 78 81 108 0 0 3
67 67 95 97 0 0 3
56 56 109 86 0 0 3
45 45 123 75 0 0 3
34 34 137 64 0 0 3
23 23 151 53 0 0 3
12 12 165 42 0 0 3
1 1 179 31 0 0 3
-10 -10 193 20 0 0 3
-21 -21 207 9 0 0 3
-30 -30 221 0 0 0 3
-19 -19 235 11 0 0 3
-8 -8 249 22 0 0 3
3 3 263 33 0 0 3
14 14 277 44 0 0 3
25 25 291 55 0 0 3
36 36 305 66 0 0 3
47 47 319 77 0 0 3
58 58 333 88 0 0 3
69 69 347 99 0 0 3
80 80 361 110 0 0 3
91 91 375 121 0 0 3
102 102 389 132 0 0 3
113 113 403 143 0 0 3
124 124 417 154 0 0 3
135 135 431 165 0 0 3
146 146 445 176 0 0 3
157 157 459 187 0 0 3
168 168 473 198 0 0 3
179 179 487 209 0 0 3
190 190 501 220 0 0 3
201 201 515 231 0 0 3
212 212 529 242 0 0 3
223 223 543 253 0 0 3
234 234 557 264 0 0 3
245 245 571 275 0 0 3
256 256 585 286 0 0 3
267 267 599 297 0 0 3
278 278 613 308 0 0 3
289 289 627 319 0 0 3
300 300 641 330 0 0 3
311 311 655 341 0 0 3
322 322 669 352 0 0 3
333 333 683 363 0 0 3
344 344 697 374 0 0 3
350 350 711 380 0 0 3
339 339 725 369 0 0 3
328 328 739 358 0 0 3
317 317 753 347 0 0 3
306 306 750 336 0 0 3
286 286 736 316 0 0 3
266 266 722 296 0 0 3
246 246 708 276 0 0 3
226 226 694 256 0 0 3
206 206 680 236 0 0 3
186 186 666 216 0 0 3
166 166 652 196 0 0 3
146 146 638 176 0 0 3
126 126 624 156 0 0 3
106 106 610 136 0 0 3
86 86 596 116 0 0 3
66 66 582 96 0 0 3
46 46 568 76 0 0 3
26 26 554 56 0 0 3
6 6 540 36 0 0 3
-14 -14 526 16 0 0 3
-30 -30 512 0 0 0 3
-10 -10 498 20 0 0 3
10 10 484 40 0 0 3
30 30 470 60 0 0 3
50 50 456 80 0 0 3
70 70 442 100 0 0 3
90 90 428 120 0 0 3
110 110 414 140 0 0 3
130 130 400 160 0 0 3
150 150 386 180 0 0 3
170 170 372 200 0 0 3
190 190 358 220 0 0 3
210 210 344 240 0 0 3
230 230 330 260 0 0 3
250 250 316 280 0 0 3
270 270 302 300 0 0 3
290 290 288 320 0 0 3
310 310 274 340 0 0 3
330 330 260 360 0 0 3
350 350 246 380 0 0 3
350 350 232 380 0 0 3
330 330 218 360 0 0 3
310 310 204 340 0 0 3
290 290 190 320 0 0 3
270 270 176 300 0 0 3
250 250 162 280 0 0 3
230 230 148 260 0 0 3
210 210 134 240 0 0 3
190 190 120 220 0 0 3
170 170 106 200 0 0 3
150 150 92 180 0 0 3
130 130 78 160 0 0 3
110 110 64 140 0 0 3
90 90 50 120 0 0 3
70 70 36 100 0 0 3
50 50 22 80 0 0 3
30 30 25 60 0 0 3
13 13 44 43 0 0 3
-4 -4 63 26 0 0 3
-21 -21 82 9 0 0 3
-30 -30 101 0 0 0 3
-13 -13 120 17 0 0 3
4 4 139 34 0 0 3
21 21 158 51 0 0 3
38 38 177 68 0 0 3
55 55 196 85 0 0 3
72 72 215 102 0 0 3
89 89 234 119 0 0 3
106 106 253 136 0 0 3
123 123 272 153 0 0 3
140 140 291 170 0 0 3
157 157 310 187 0 0 3
174 174 329 204 0 0 3
191 191 348 221 0 0 3
208 208 367 238 0 0 3
225 225 386 255 0 0 3
242 242 405 272 0 0 3
259 259 424 289 0 0 3
276 276 443 306 0 0 3
293 293 462 323 0 0 3
310 310 481 340 0 0 3
327 327 500 357 0 0 3
344 344 519 374 0 0 3
350 350 538 380 0 0 3
333 333 557 363 0 0 3
316 316 576 346 0 0 3
299 299 595 329 0 0 3
282 282 614 312 0 0 3
265 265 633 295 0 0 3
248 248 652 278 0 0 3
231 231 671 261 0 0 3
214 214 690 244 0 0 3
197 197 709 227 0 0 3
180 180 728 210 0 0 3
163 163 747 193 0 0 3
146 146 750 176 0 0 3
131 131 735 161 0 0 3
116 116 720 146 0 0 3
101 101 705 131 0 0 3
86 86 690 116 0 0 3
71 71 675 101 0 0 3
56 56 660 86 0 0 3
41 41 645 71 0 0 3
26 26 630 56 0 0 3
11 11 615 41 0 0 3
-4 -4 600 26 0 0 3
-19 -19 585 11 0 0 3
-30 -30 570 0 0 0 3
-15 -15 555 15 0 0 3
0 0 540 30 0 0 3
15 15 525 45 0 0 3
30 30 510 60 0 0 3
45 45 495 75 0 0 3
60 60 480 90 0 0 3
75 75 465 105 0 0 3
90 90 450 120 0 0 3
105 105 435 135 0 0 3
120 120 420 150 0 0 3
135 135 405 165 0 0 3
150 150 390 180 0 0 3
165 165 375 195 0 0 3
180 180 360 210 0 0 3
195 195 345 225 0 0 3
210 210 330 240 0 0 3
225 225 315 255 0 0 3
240 240 300 270 0 0 3
255 255 285 285 0 0 3
270 270 270 300 0 0 3
285 285 255 315 0 0 3
300 300 240 330 0 0 3
315 315 225 345 0 0 3
330 330 210 360 0 0 3
345 345 195 375 0 0 3
350 350 180 380 0 0 3
335 335 165 365 0 0 3
320 320 150 350 0 0 3
305 305 135 335 0 0 3
290 290 120 320 0 0 3
275 275 105 305 0 0 3
260 260 90 290 0 0 3
245 245 75 275 0 0 3
230 230 60 260 0 0 3
215 215 45 245 0 0 3
200 200 30 230 0 0 3
185 185 25 215 0 0 3
175 175 39 205 0 0 3
165 165 53 195 0 0 3
155 155 67 185 0 0 3
145 145 81 175 0 0 3
135 135 95 165 0 0 3
125 125 109 155 0 0 3
115 115 123 145 0 0 3
105 105 137 135 0 0 3
95 95 151 125 0 0 3
85 85 165 115 0 0 3
75 75 179 105 0 0 3
65 65 193 95 0 0 3
55 55 207 85 0 0 3
45 45 221 75 0 0 3
35 35 235 65 0 0 3
25 25 249 55 0 0 3
15 15 263 45 0 0 3
5 5 277 35 0 0 3
-5 -5 291 25 0 0 3
-15 -15 305 15 0 0 3
-25 -25 319 5 0 0 3
-30 -30 333 0 0 0 3
-20 -20 347 10 0 0 3
-10 -10 361 20 0 0 3
0 0 375 30 0 0 3
10 10 389 40 0 0 3
20 20 403 50 0 0 3
30 30 417 60 0 0 3
40 40 431 70 0 0 3
50 50 445 80 0 0 3
60 60 459 90 0 0 3
70 70 473 100 0 0 3
80 80 487 110 0 0 3
90 90 501 120 0 0 3
100 100 515 130 0 0 3
110 110 529 140 0 0 3
120 120 543 150 0 0 3
130 130 557 160 0 0 3
140 140 571 170 0 0 3
150 150 585 180 0 0 3
160 160 599 190 0 0 3
170 170 613 200 0 0 3
180 180 627 210 0 0 3
190 190 641 220 0 0 3
200 200 655 230 0 0 3
210 210 669 240 0 0 3
220 220 683 250 0 0 3
230 230 697 260 0 0 3
240 240 711 270 0 0 3
250 250 725 280 0 0 3
260 260 739 290 0 0 3
270 270 753 300 0 0 3
280 280 750 310 0 0 3
296 296 731 326 0 0 3
312 312 712 342 0 0 3
328 328 693 358 0 0 3
344 344 674 374 0 0 3
350 350 655 380 0 0 3
334 334 636 364 0 0 3
318 318 617 348 0 0 3
302 302 598 332 0 0 3
286 286 579 316 0 0 3
270 270 560 300 0 0 3
254 254 541 284 0 0 3
238 238 522 268 0 0 3
222 222 503 252 0 0 3
206 206 484 236 0 0 3
190 190 465 220 0 0 3
174 174 446 204 0 0 3
158 158 427 188 0 0 3
142 142 408 172 0 0 3
126 126 389 156 0 0 3
110 110 370 140 0 0 3
94 94 351 124 0 0 3
78 78 332 108 0 0 3
62 62 313 92 0 0 3
46 46 294 76 0 0 3
30 30 275 60 0 0 3
14 14 256 44 0 0 3
-2 -2 237 28 0 0 3
-18 -18 218 12 0 0 3
-30 -30 199 0 0 0 3
-14 -14 180 16 0 0 3
2 2 161 32 0 0 3
18 18 142 48 0 0 3
34 34 123 64 0 0 3
50 50 104 80 0 0 3
66 66 85 96 0 0 3
82 82 66 112 0 0 3
98 98 47 128 0 0 3
114 114 28 144 0 0 3
130 130 25 160 0 0 3
110 110 40 140 0 0 3
90 90 55 120 0 0 3
70 70 70 100 0 0 3
50 50 85 80 0 0 3
30 30 100 60 0 0 3
10 10 115 40 0 0 3
-10 -10 130 20 0 0 3
-30 -30 145 0 0 0 3
-30 -30 160 0 0 0 3
-10 -10 175 20 0 0 3
10 10 190 40 0 0 3
30 30 205 60 0 0 3
50 50 220 80 0 0 3
70 70 235 100 0 0 3
90 90 250 120 0 0 3
110 110 265 140 0 0 3
130 130 280 160 0 0 3
150 150 295 180 0 0 3
170 170 310 200 0 0 3
190 190 325 220 0 0 3
210 210 340 240 0 0 3
230 230 355 260 0 0 3
250 250 370 280 0 0 3
270 270 385 300 0 0 3
290 290 400 320 0 0 3
310 310 415 340 0 0 3
330 330 430 360 0 0 3
350 350 445 380 0 0 3
350 350 460 380 0 0 3
330 330 475 360 0 0 3
310 310 490 340 0 0 3
290 290 505 320 0 0 3
270 270 520 300 0 0 3
250 250 535 280 0 0 3
230 230 550 260 0 0 3
210 210 565 240 0 0 3
190 190 580 220 0 0 3
170 170 595 200 0 0 3
150 150 610 180 0 0 3
130 130 625 160 0 0 3
110 110 640 140 0 0 3
90 90 655 120 0 0 3
70 70 670 100 0 0 3
50 50 685 80 0 0 3
30 30 700 60 0 0 3
10 10 715 40 0 0 3
-10 -10 730 20 0 0 3
-30 -30 745 0 0 0 3
-30 -30 750 0 0 0 3
-18 -18 735 12 0 0 3
-6 -6 720 24 0 0 3
6 6 705 36 0 0 3
18 18 690 48 0 0 3
30 30 675 60 0 0 3
42 42 660 72 0 0 3
54 54 645 84 0 0 3
66 66 630 96 0 0 3
78 78 615 108 0 0 3
90 90 600 120 0 0 3
102 102 585 132 0 0 3
114 114 570 144 0 0 3
126 126 555 156 0 0 3
138 138 540 168 0 0 3
150 150 525 180 0 0 3
162 162 510 192 0 0 3
174 174 495 204 0 0 3
186 186 480 216 0 0 3
198 198 465 228 0 0 3
210 210 450 240 0 0 3
222 222 435 252 0 0 3
234 234 420 264 0 0 3
246 246 405 276 0 0 3
258 258 390 288 0 0 3
270 270 375 300 0 0 3
282 282 360 312 0 0 3
294 294 345 324 0 0 3
306 306 330 336 0 0 3
318 318 315 348 0 0 3
330 330 300 360 0 0 3
342 342 285 372 0 0 3
350 350 270 380 0 0 3
338 338 255 368 0 0 3
326 326 240 356 0 0 3
314 314 225 344 0 0 3
302 302 210 332 0 0 3
290 290 195 320 0 0 3
278 278 180 308 0 0 3
266 266 165 296 0 0 3
254 254 150 284 0 0 3
242 242 135 272 0 0 3
230 230 120 260 0 0 3
218 218 105 248 0 0 3
206 206 90 236 0 0 3
194 194 75 224 0 0 3
182 182 60 212 0 0 3
170 170 45 200 0 0 3
158 158 30 188 0 0 3
146 146 25 176 0 0 3
133 133 45 163 0 0 3
120 120 65 150 0 0 3
107 107 85 137 0 0 3
94 94 105 124 0 0 3
81 81 125 111 0 0 3
68 68 145 98 0 0 3
55 55 165 85 0 0 3
42 42 185 72 0 0 3
29 29 205 59 0 0 3
16 16 225 46 0 0 3
3 3 245 33 0 0 3
-10 -10 265 20 0 0 3
-23 -23 285 7 0 0 3
-30 -30 305 0 0 0 3
-17 -17 325 13 0 0 3
-4 -4 345 26 0 0 3
9 9 365 39 0 0 3
22 22 385 52 0 0 3
35 35 405 65 0 0 3
48 48 425 78 0 0 3
61 61 445 91 0 0 3
74 74 465 104 0 0 3
87 87 485 117 0 0 3
100 100 505 130 0 0 3
113 113 525 143 0 0 3
126 126 545 156 0 0 3
139 139 565 169 0 0 3
152 152 585 182 0 0 3
165 165 605 195 0 0 3
178 178 625 208 0 0 3
191 191 645 221 0 0 3
204 204 665 234 0 0 3
217 217 685 247 0 0 3
230 230 705 260 0 0 3
243 243 725 273 0 0 3
256 256 745 286 0 0 3
269 269 750 299 0 0 3
282 282 738 312 0 0 3
295 295 726 325 0 0 3
308 308 714 338 0 0 3
321 321 702 351 0 0 3
334 334 690 364 0 0 3
347 347 678 377 0 0 3
350 350 666 380 0 0 3
337 337 654 367 0 0 3
324 324 642 354 0 0 3
311 311 630 341 0 0 3
298 298 618 328 0 0 3
285 285 606 315 0 0 3
272 272 594 302 0 0 3
259 259 582 289 0 0 3
246 246 570 276 0 0 3
233 233 558 263 0 0 3
220 220 546 250 0 0 3
207 207 534 237 0 0 3
194 194 522 224 0 0 3
181 181 510 211 0 0 3
168 168 498 198 0 0 3
155 155 486 185 0 0 3
142 142 474 172 0 0 3
129 129 462 159 0 0 3
116 116 450 146 0 0 3
103 103 438 133 0 0 3
90 90 426 120 0 0 3
77 77 414 107 0 0 3
64 64 402 94 0 0 3
51 51 390 81 0 0 3
38 38 378 68 0 0 3
25 25 366 55 0 0 3
12 12 354 42 0 0 3
-1 -1 342 29 0 0 3
-14 -14 330 16 0 0 3
-27 -27 318 3 0 0 3
-30 -30 306 0 0 0 3
-17 -17 294 13 0 0 3
-4 -4 282 26 0 0 3
9 9 270 39 0 0 3
22 22 258 52 0 0 3
35 35 246 65 0 0 3
48 48 234 78 0 0 3
61 61 222 91 0 0 3
74 74 210 104 0 0 3
87 87 198 117 0 0 3
100 100 186 130 0 0 3
113 113 174 143 0 0 3
126 126 162 156 0 0 3
139 139 150 169 0 0 3
152 152 138 182 0 0 3
165 165 126 195 0 0 3
178 178 114 208 0 0 3
191 191 102 221 0 0 3
204 204 90 234 0 0 3
217 217 78 247 0 0 3
230 230 66 260 0 0 3
243 243 54 273 0 0 3
256 256 42 286 0 0 3
269 269 30 299 0 0 3
282 282 25 312 0 0 3
266 266 45 296 0 0 3
250 250 65 280 0 0 3
234 234 85 264 0 0 3
218 218 105 248 0 0 3
202 202 125 232 0 0 3
186 186 145 216 0 0 3
170 170 165 200 0 0 3
154 154 185 184 0 0 3
138 138 205 168 0 0 3
122 122 225 152 0 0 3
106 106 245 136 0 0 3
90 90 265 120 0 0 3
74 74 285 104 0 0 3
58 58 305 88 0 0 3
42 42 325 72 0 0 3
26 26 345 56 0 0 3
10 10 365 40 0 0 3
-6 -6 385 24 0 0 3
-22 -22 405 8 0 0 3
-30 -30 425 0 0 0 3
-14 -14 445 16 0 0 3
2 2 465 32 0 0 3
18 18 485 48 0 0 3
34 34 505 64 0 0 3
50 50 525 80 0 0 3
66 66 545 96 0 0 3
82 82 565 112 0 0 3
98 98 585 128 0 0 3
114 114 605 144 0 0 3
130 130 625 160 0 0 3
146 146 645 176 0 0 3
162 162 665 192 0 0 3
178 178 685 208 0 0 3
194 194 705 224 0 0 3
210 210 725 240 0 0 3
226 226 745 256 0 0 3
242 242 750 272 0 0 3
258 258 732 288 0 0 3
274 274 714 304 0 0 3
290 290 696 320 0 0 3
306 306 678 336 0 0 3
322 322 660 352 0 0 3
338 338 642 368 0 0 3
350 350 624 380 0 0 3
334 334 606 364 0 0 3
318 318 588 348 0 0 3
302 302 570 332 0 0 3
286 286 552 316 0 0 3
270 270 534 300 0 0 3
254 254 516 284 0 0 3
238 238 498 268 0 0 3
222 222 480 252 0 0 3
206 206 462 236 0 0 3
190 190 444 220 0 0 3
174 174 426 204 0 0 3
158 158 408 188 0 0 3
142 142 390 172 0 0 3
126 126 372 156 0 0 3
110 110 354 140 0 0 3
94 94 336 124 0 0 3
78 78 318 108 0 0 3
62 62 300 92 0 0 3
46 46 282 76 0 0 3
30 30 264 60 0 0 3
14 14 246 44 0 0 3
-2 -2 228 28 0 0 3
-18 -18 210 12 0 0 3
-30 -30 192 0 0 0 3
-14 -14 174 16 0 0 3
2 2 156 32 0 0 3
18 18 138 48 0 0 3
34 34 120 64 0 0 3
50 50 102 80 0 0 3
66 66 84 96 0 0 3
82 82 66 112 0 0 3
98 98 48 128 0 0 3
114 114 30 144 0 0 3
130 130 25 160 0 0 3
114 114 35 144 0 0 3
98 98 45 128 0 0 3
82 82 55 112 0 0 3
66 66 65 96 0 0 3
50 50 75 80 0 0 3
34 34 85 64 0 0 3
18 18 95 48 0 0 3
2 2 105 32 0 0 3
-14 -14 115 16 0 0 3
-30 -30 125 0 0 0 3
-30 -30 135 0 0 0 3
-14 -14 145 16 0 0 3
2 2 155 32 0 0 3
18 18 165 48 0 0 3
34 34 175 64 0 0 3
50 50 185 80 0 0 3
66 66 195 96 0 0 3
82 82 205 112 0 0 3
98 98 215 128 0 0 3
114 114 225 144 0 0 3
130 130 235 160 0 0 3
146 146 245 176 0 0 3
162 162 255 192 0 0 3
178 178 265 208 0 0 3
194 194 275 224 0 0 3
210 210 285 240 0 0 3
226 226 295 256 0 0 3
242 242 305 272 0 0 3
258 258 315 288 0 0 3
274 274 325 304 0 0 3
290 290 335 320 0 0 3
306 306 345 336 0 0 3
322 322 355 352 0 0 3
338 338 365 368 0 0 3
350 350 375 380 0 0 3
334 334 385 364 0 0 3
318 318 395 348 0 0 3
302 302 405 332 0 0 3
286 286 415 316 0 0 3
270 270 425 300 0 0 3
254 254 435 284 0 0 3
238 238 445 268 0 0 3
222 222 455 252 0 0 3
206 206 465 236 0 0 3
190 190 475 220 0 0 3
174 174 485 204 0 0 3
158 158 495 188 0 0 3
142 142 505 172 0 0 3
126 126 515 156 0 0 3
110 110 525 140 0 0 3
94 94 535 124 0 0 3
78 78 545 108 0 0 3
62 62 555 92 0 0 3
46 46 565 76 0 0 3
30 30 575 60 0 0 3
14 14 585 44 0 0 3
-2 -2 595 28 0 0 3
-18 -18 605 12 0 0 3
-30 -30 615 0 0 0 3
-14 -14 625 16 0 0 3
2 2 635 32 0 0 3
18 18 645 48 0 0 3
34 34 655 64 0 0 3
50 50 665 80 0 0 3
66 66 675 96 0 0 3
82 82 685 112 0 0 3
98 98 695 128 0 0 3
114 114 705 144 0 0 3
130 130 715 160 0 0 3
146 146 725 176 0 0 3
162 162 735 192 0 0 3
178 178 745 208 0 0 3
194 194 755 224 0 0 3
210 210 750 240 0 0 3
220 220 737 250 0 0 3
230 230 724 260 0 0 3
240 240 711 270 0 0 3
250 250 698 280 0 0 3
260 260 685 290 0 0 3
270 270 672 300 0 0 3
280 280 659 310 0 0 3
290 290 646 320 0 0 3
300 300 633 330 0 0 3
310 310 620 340 0 0 3
320 320 607 350 0 0 3
330 330 594 360 0 0 3
340 340 581 370 0 0 3
350 350 568 380 0 0 3
350 350 555 380 0 0 3
340 340 542 370 0 0 3
330 330 529 360 0 0 3
320 320 516 350 0 0 3
310 310 503 340 0 0 3
300 300 490 330 0 0 3
290 290 477 320 0 0 3
280 280 464 310 0 0 3
270 270 451 300 0 0 3
260 260 438 290 0 0 3
250 250 425 280 0 0 3
240 240 412 270 0 0 3
230 230 399 260 0 0 3
220 220 386 250 0 0 3
210 210 373 240 0 0 3
200 200 360 230 0 0 3
190 190 347 220 0 0 3
180 180 334 210 0 0 3
170 170 321 200 0 0 3
160 160 308 190 0 0 3
150 150 295 180 0 0 3
140 140 282 170 0 0 3
130 130 269 160 0 0 3
120 120 256 150 0 0 3
110 110 243 140 0 0 3
100 100 230 130 0 0 3
90 90 217 120 0 0 3
80 80 204 110 0 0 3
70 70 191 100 0 0 3
60 60 178 90 0 0 3
50 50 165 80 0 0 3
40 40 152 70 0 0 3
30 30 139 60 0 0 3
20 20 126 50 0 0 3
10 10 113 40 0 0 3
0 0 100 30 0 0 3
-10 -10 87 20 0 0 3
-20 -20 74 10 0 0 3
-30 -30 61 0 0 0 3
-30 -30 48 0 0 0 3
-20 -20 35 10 0 0 3
-10 -10 22 20 0 0 3
0 0 25 30 0 0 3
-13 -13 43 17 0 0 3
-26 -26 61 4 0 0 3
-30 -30 79 0 0 0 3
-17 -17 97 13 0 0 3
-4 -4 115 26 0 0 3
9 9 133 39 0 0 3
22 22 151 52 0 0 3
35 35 169 65 0 0 3
48 48 187 78 0 0 3
61 61 205 91 0 0 3
74 74 223 104 0 0 3
87 87 241 117 0 0 3
100 100 259 130 0 0 3
113 113 277 143 0 0 3
126 126 295 156 0 0 3
139 139 313 169 0 0 3
152 152 331 182 0 0 3
165 165 349 195 0 0 3
178 178 367 208 0 0 3
191 191 385 221 0 0 3
204 204 403 234 0 0 3
217 217 421 247 0 0 3
230 230 439 260 0 0 3
243 243 457 273 0 0 3
256 256 475 286 0 0 3
269 269 493 299 0 0 3
282 282 511 312 0 0 3
295 295 529 325 0 0 3
308 308 547 338 0 0 3
321 321 565 351 0 0 3
334 334 583 364 0 0 3
347 347 601 377 0 0 3
350 350 619 380 0 0 3
337 337 637 367 0 0 3
324 324 655 354 0 0 3
311 311 673 341 0 0 3
298 298 691 328 0 0 3
285 285 709 315 0 0 3
272 272 727 302 0 0 3
259 259 745 289 0 0 3
246 246 750 276 0 0 3
231 231 738 261 0 0 3
216 216 726 246 0 0 3
201 201 714 231 0 0 3
186 186 702 216 0 0 3
171 171 690 201 0 0 3
156 156 678 186 0 0 3
141 141 666 171 0 0 3
126 126 654 156 0 0 3
111 111 642 141 0 0 3
96 96 630 126 0 0 3
81 81 618 111 0 0 3
66 66 606 96 0 0 3
51 51 594 81 0 0 3
36 36 582 66 0 0 3
21 21 570 51 0 0 3
6 6 558 36 0 0 3
-9 -9 546 21 0 0 3
-24 -24 534 6 0 0 3
-30 -30 522 0 0 0 3
-15 -15 510 15 0 0 3
0 0 498 30 0 0 3
15 15 486 45 0 0 3
30 30 474 60 0 0 3
45 45 462 75 0 0 3
60 60 450 90 0 0 3
75 75 438 105 0 0 3
90 90 426 120 0 0 3
105 105 414 135 0 0 3
120 120 402 150 0 0 3
135 135 390 165 0 0 3
150 150 378 180 0 0 3
165 165 366 195 0 0 3
180 180 354 210 0 0 3
195 195 342 225 0 0 3
210 210 330 240 0 0 3
225 225 318 255 0 0 3
240 240 306 270 0 0 3
255 255 294 285 0 0 3
270 270 282 300 0 0 3
285 285 270 315 0 0 3
300 300 258 330 0 0 3
315 315 246 345 0 0 3
330 330 234 360 0 0 3
345 345 222 375 0 0 3
350 350 210 380 0 0 3
335 335 198 365 0 0 3
320 320 186 350 0 0 3
305 305 174 335 0 0 3
290 290 162 320 0 0 3
275 275 150 305 0 0 3
260 260 138 290 0 0 3
245 245 126 275 0 0 3
230 230 114 260 0 0 3
215 215 102 245 0 0 3
200 200 90 230 0 0 3
185 185 78 215 0 0 3
170 170 66 200 0 0 3
155 155 54 185 0 0 3
140 140 42 170 0 0 3
125 125 30 155 0 0 3
110 110 25 140 0 0 3
94 94 44 124 0 0 3
78 78 63 108 0 0 3
62 62 82 92 0 0 3
46 46 101 76 0 0 3
30 30 120 60 0 0 3
14 14 139 44 0 0 3
-2 -2 158 28 0 0 3
-18 -18 177 12 0 0 3
-30 -30 196 0 0 0 3
-14 -14 215 16 0 0 3
2 2 234 32 0 0 3
18 18 253 48 0 0 3
34 34 272 64 0 0 3
50 50 291 80 0 0 3
66 66 310 96 0 0 3
82 82 329 112 0 0 3
98 98 348 128 0 0 3
114 114 367 144 0 0 3
130 130 386 160 0 0 3
146 146 405 176 0 0 3
162 162 424 192 0 0 3
178 178 443 208 0 0 3
194 194 462 224 0 0 3
210 210 481 240 0 0 3
226 226 500 256 0 0 3
242 242 519 272 0 0 3
258 258 538 288 0 0 3
274 274 557 304 0 0 3
290 290 576 320 0 0 3
306 306 595 336 0 0 3
322 322 614 352 0 0 3
338 338 633 368 0 0 3
350 350 652 380 0 0 3
334 334 671 364 0 0 3
318 318 690 348 0 0 3
302 302 709 332 0 0 3
286 286 728 316 0 0 3
270 270 747 300 0 0 3
254 254 750 284 0 0 3
243 243 733 273 0 0 3
232 232 716 262 0 0 3
221 221 699 251 0 0 3
210 210 682 240 0 0 3
199 199 665 229 0 0 3
188 188 648 218 0 0 3
177 177 631 207 0 0 3
166 166 614 196 0 0 3
155 155 597 185 0 0 3
144 144 580 174 0 0 3
133 133 563 163 0 0 3
122 122 546 152 0 0 3
111 111 529 141 0 0 3
100 100 512 130 0 0 3
89 89 495 119 0 0 3
78 78 478 108 0 0 3
67 67 461 97 0 0 3
56 56 444 86 0 0 3
45 45 427 75 0 0 3
34 34 410 64 0 0 3
23 23 393 53 0 0 3
12 12 376 42 0 0 3
1 1 359 31 0 0 3
-10 -10 342 20 0 0 3
-21 -21 325 9 0 0 3
-30 -30 308 0 0 0 3
-19 -19 291 11 0 0 3
-8 -8 274 22 0 0 3
3 3 257 33 0 0 3
14 14 240 44 0 0 3
25 25 223 55 0 0 3
36 36 206 66 0 0 3
47 47 189 77 0 0 3
58 58 172 88 0 0 3
69 69 155 99 0 0 3
80 80 138 110 0 0 3
91 91 121 121 0 0 3
102 102 104 132 0 0 3
113 113 87 143 0 0 3
124 124 70 154 0 0 3
135 135 53 165 0 0 3
146 146 36 176 0 0 3
157 157 25 187 0 0 3
147 147 36 177 0 0 3
137 137 47 167 0 0 3
127 127 58 157 0 0 3
117 117 69 147 0 0 3
107 107 80 137 0 0 3
97 97 91 127 0 0 3
87 87 102 117 0 0 3
77 77 113 107 0 0 3
67 67 124 97 0 0 3
57 57 135 87 0 0 3
47 47 146 77 0 0 3
37 37 157 67 0 0 3
27 27 168 57 0 0 3
17 17 179 47 0 0 3
7 7 190 37 0 0 3
-3 -3 201 27 0 0 3
-13 -13 212 17 0 0 3
-23 -23 223 7 0 0 3
-30 -30 234 0 0 0 3
-20 -20 245 10 0 0 3
-10 -10 256 20 0 0 3
0 0 267 30 0 0 3
10 10 278 40 0 0 3
20 20 289 50 0 0 3
30 30 300 60 0 0 3
40 40 311 70 0 0 3
50 50 322 80 0 0 3
60 60 333 90 0 0 3
70 70 344 100 0 0 3
80 80 355 110 0 0 3
90 90 366 120 0 0 3
100 100 377 130 0 0 3
110 110 388 140 0 0 3
120 120 399 150 0 0 3
130 130 410 160 0 0 3
140 140 421 170 0 0 3
150 150 432 180 0 0 3
160 160 443 190 0 0 3
170 170 454 200 0 0 3
180 180 465 210 0 0 3
190 190 476 220 0 0 3
200 200 487 230 0 0 3
210 210 498 240 0 0 3
220 220 509 250 0 0 3
230 230 520 260 0 0 3
240 240 531 270 0 0 3
250 250 542 280 0 0 3
260 260 553 290 0 0 3
270 270 564 300 0 0 3
280 280 575 310 0 0 3
290 290 586 320 0 0 3
300 300 597 330 0 0 3
310 310 608 340 0 0 3
320 320 619 350 0 0 3
330 330 630 360 0 0 3
340 340 641 370 0 0 3
350 350 652 380 0 0 3
350 350 663 380 0 0 3
340 340 674 370 0 0 3
330 330 685 360 0 0 3
320 320 696 350 0 0 3
310 310 707 340 0 0 3
300 300 718 330 0 0 3
290 290 729 320 0 0 3
280 280 740 310 0 0 3
270 270 751 300 0 0 3
260 260 750 290 0 0 3
246 246 731 276 0 0 3
232 232 712 262 0 0 3
218 218 693 248 0 0 3
204 204 674 234 0 0 3
190 190 655 220 0 0 3
176 176 636 206 0 0 3
162 162 617 192 0 0 3
148 148 598 178 0 0 3
134 134 579 164 0 0 3
120 120 560 150 0 0 3
106 106 541 136 0 0 3
92 92 522 122 0 0 3
78 78 503 108 0 0 3
64 64 484 94 0 0 3
50 50 465 80 0 0 3
36 36 446 66 0 0 3
22 22 427 52 0 0 3
8 8 408 38 0 0 3
-6 -6 389 24 0 0 3
-20 -20 370 10 0 0 3
-30 -30 351 0 0 0 3
-16 -16 332 14 0 0 3
-2 -2 313 28 0 0 3
12 12 294 42 0 0 3
26 26 275 56 0 0 3
40 40 256 70 0 0 3
54 54 237 84 0 0 3
68 68 218 98 0 0 3
82 82 199 112 0 0 3
96 96 180 126 0 0 3
110 110 161 140 0 0 3
124 124 142 154 0 0 3
138 138 123 168 0 0 3
152 152 104 182 0 0 3
166 166 85 196 0 0 3
180 180 66 210 0 0 3
194 194 47 224 0 0 3
208 208 28 238 0 0 3
222 222 25 252 0 0 3
211 211 43 241 0 0 3
200 200 61 230 0 0 3
189 189 79 219 0 0 3
178 178 97 208 0 0 3
167 167 115 197 0 0 3
156 156 133 186 0 0 3
145 145 151 175 0 0 3
134 134 169 164 0 0 3
123 123 187 153 0 0 3
112 112 205 142 0 0 3
101 101 223 131 0 0 3
90 90 241 120 0 0 3
79 79 259 109 0 0 3
68 68 277 98 0 0 3
57 57 295 87 0 0 3
46 46 313 76 0 0 3
35 35 331 65 0 0 3
24 24 349 54 0 0 3
13 13 367 43 0 0 3
2 2 385 32 0 0 3
-9 -9 403 21 0 0 3
-20 -20 421 10 0 0 3
-30 -30 439 0 0 0 3
-19 -19 457 11 0 0 3
-8 -8 475 22 0 0 3
3 3 493 33 0 0 3
14 14 511 44 0 0 3
25 25 529 55 0 0 3
36 36 547 66 0 0 3
47 47 565 77 0 0 3
58 58 583 88 0 0 3
69 69 601 99 0 0 3
80 80 619 110 0 0 3
91 91 637 121 0 0 3
102 102 655 132 0 0 3
113 113 673 143 0 0 3
124 124 691 154 0 0 3
135 135 709 165 0 0 3
146 146 727 176 0 0 3
157 157 745 187 0 0 3
168 168 750 198 0 0 3
180 180 738 210 0 0 3
192 192 726 222 0 0 3
204 204 714 234 0 0 3
216 216 702 246 0 0 3
228 228 690 258 0 0 3
240 240 678 270 0 0 3
252 252 666 282 0 0 3
264 264 654 294 0 0 3
276 276 642 306 0 0 3
288 288 630 318 0 0 3
300 300 618 330 0 0 3
312 312 606 342 0 0 3
324 324 594 354 0 0 3
336 336 582 366 0 0 3
348 348 570 378 0 0 3
350 350 558 380 0 0 3
338 338 546 368 0 0 3
326 326 534 356 0 0 3
314 314 522 344 0 0 3
302 302 510 332 0 0 3
290 290 498 320 0 0 3
278 278 486 308 0 0 3
266 266 474 296 0 0 3
254 254 462 284 0 0 3
242 242 450 272 0 0 3
230 230 438 260 0 0 3
218 218 426 248 0 0 3
206 206 414 236 0 0 3
194 194 402 224 0 0 3
182 182 390 212 0 0 3
170 170 378 200 0 0 3
158 158 366 188 0 0 3
146 146 354 176 0 0 3
134 134 342 164 0 0 3
122 122 330 152 0 0 3
110 110 318 140 0 0 3
98 98 306 128 0 0 3
86 86 294 116 0 0 3
74 74 282 104 0 0 3
62 62 270 92 0 0 3
50 50 258 80 0 0 3
38 38 246 68 0 0 3
26 26 234 56 0 0 3
14 14 222 44 0 0 3
2 2 210 32 0 0 3
-10 -10 198 20 0 0 3
-22 -22 186 8 0 0 3
-30 -30 174 0 0 0 3
-18 -18 162 12 0 0 3
-6 -6 150 24 0 0 3
6 6 138 36 0 0 3
18 18 126 48 0 0 3
30 30 114 60 0 0 3
42 42 102 72 0 0 3
54 54 90 84 0 0 3
66 66 78 96 0 0 3
78 78 66 108 0 0 3
90 90 54 120 0 0 3
102 102 42 132 0 0 3
114 114 30 144 0 0 3
126 126 25 156 0 0 3
106 106 35 136 0 0 3
86 86 45 116 0 0 3
66 66 55 96 0 0 3
46 46 65 76 0 0 3
26 26 75 56 0 0 3
6 6 85 36 0 0 3
-14 -14 95 16 0 0 3
-30 -30 105 0 0 0 3
-10 -10 115 20 0 0 3
10 10 125 40 0 0 3
30 30 135 60 0 0 3
50 50 145 80 0 0 3
70 70 155 100 0 0 3
90 90 165 120 0 0 3
110 110 175 140 0 0 3
130 130 185 160 0 0 3
150 150 195 180 0 0 3
170 170 205 200 0 0 3
190 190 215 220 0 0 3
210 210 225 240 0 0 3
230 230 235 260 0 0 3
250 250 245 280 0 0 3
270 270 255 300 0 0 3
290 290 265 320 0 0 3
310 310 275 340 0 0 3
330 330 285 360 0 0 3
350 350 295 380 0 0 3
350 350 305 380 0 0 3
330 330 315 360 0 0 3
310 310 325 340 0 0 3
290 290 335 320 0 0 3
270 270 345 300 0 0 3
250 250 355 280 0 0 3
230 230 365 260 0 0 3
210 210 375 240 0 0 3
190 190 385 220 0 0 3
170 170 395 200 0 0 3
150 150 405 180 0 0 3
130 130 415 160 0 0 3
110 110 425 140 0 0 3
90 90 435 120 0 0 3
70 70 445 100 0 0 3
50 50 455 80 0 0 3
30 30 465 60 0 0 3
10 10 475 40 0 0 3
-10 -10 485 20 0 0 3
-30 -30 495 0 0 0 3
-30 -30 505 0 0 0 3
-10 -10 515 20 0 0 3
10 10 525 40 0 0 3
30 30 535 60 0 0 3
50 50 545 80 0 0 3
70 70 555 100 0 0 3
90 90 565 120 0 0 3
110 110 575 140 0 0 3
130 130 585 160 0 0 3
150 150 595 180 0 0 3
170 170 605 200 0 0 3
190 190 615 220 0 0 3
210 210 625 240 0 0 3
230 230 635 260 0 0 3
250 250 645 280 0 0 3
270 270 655 300 0 0 3
290 290 665 320 0 0 3
310 310 675 340 0 0 3
330 330 685 360 0 0 3
350 350 695 380 0 0 3
350 350 705 380 0 0 3
330 330 715 360 0 0 3
310 310 725 340 0 0 3
290 290 735 320 0 0 3
270 270 745 300 0 0 3
250 250 755 280 0 0 3
230 230 750 260 0 0 3
215 215 736 245 0 0 3
200 200 722 230 0 0 3
185 185 708 215 0 0 3
170 170 694 200 0 0 3
155 155 680 185 0 0 3
140 140 666 170 0 0 3
125 125 652 155 0 0 3
110 110 638 140 0 0 3
95 95 624 125 0 0 3
80 80 610 110 0 0 3
65 65 596 95 0 0 3
50 50 582 80 0 0 3
35 35 568 65 0 0 3
20 20 554 50 0 0 3
5 5 540 35 0 0 3
-10 -10 526 20 0 0 3
-25 -25 512 5 0 0 3
-30 -30 498 0 0 0 3
-15 -15 484 15 0 0 3
0 0 470 30 0 0 3
15 15 456 45 0 0 3
30 30 442 60 0 0 3
45 45 428 75 0 0 3
60 60 414 90 0 0 3
75 75 400 105 0 0 3
90 90 386 120 0 0 3
105 105 372 135 0 0 3
120 120 358 150 0 0 3
135 135 344 165 0 0 3
150 150 330 180 0 0 3
165 165 316 195 0 0 3
180 180 302 210 0 0 3
195 195 288 225 0 0 3
210 210 274 240 0 0 3
225 225 260 255 0 0 3
240 240 246 270 0 0 3
255 255 232 285 0 0 3
270 270 218 300 0 0 3
285 285 204 315 0 0 3
300 300 190 330 0 0 3
315 315 176 345 0 0 3
330 330 162 360 0 0 3
345 345 148 375 0 0 3
350 350 134 380 0 0 3
335 335 120 365 0 0 3
320 320 106 350 0 0 3
305 305 92 335 0 0 3
290 290 78 320 0 0 3
275 275 64 305 0 0 3
260 260 50 290 0 0 3
245 245 36 275 0 0 3
230 230 22 260 0 0 3
215 215 25 245 0 0 3
195 195 35 225 0 0 3
175 175 45 205 0 0 3
155 155 55 185 0 0 3
135 135 65 165 0 0 3
115 115 75 145 0 0 3
95 95 85 125 0 0 3
75 75 95 105 0 0 3
55 55 105 85 0 0 3
35 35 115 65 0 0 3
15 15 125 45 0 0 3
-5 -5 135 25 0 0 3
-25 -25 145 5 0 0 3
-30 -30 155 0 0 0 3
-10 -10 165 20 0 0 3
10 10 175 40 0 0 3
30 30 185 60 0 0 3
50 50 195 80 0 0 3
70 70 205 100 0 0 3
90 90 215 120 0 0 3
110 110 225 140 0 0 3
130 130 235 160 0 0 3
150 150 245 180 0 0 3
170 170 255 200 0 0 3
190 190 265 220 0 0 3
210 210 275 240 0 0 3
230 230 285 260 0 0 3
250 250 295 280 0 0 3
270 270 305 300 0 0 3
290 290 315 320 0 0 3
310 310 325 340 0 0 3
330 330 335 360 0 0 3
350 350 345 380 0 0 3
350 350 355 380 0 0 3
330 330 365 360 0 0 3
310 310 375 340 0 0 3
290 290 385 320 0 0 3
270 270 395 300 0 0 3
250 250 405 280 0 0 3
230 230 415 260 0 0 3
210 210 425 240 0 0 3
190 190 435 220 0 0 3
170 170 445 200 0 0 3
150 150 455 180 0 0 3
130 130 465 160 0 0 3
110 110 475 140 0 0 3
90 90 485 120 0 0 3
70 70 495 100 0 0 3
50 50 505 80 0 0 3
30 30 515 60 0 0 3
10 10 525 40 0 0 3
-10 -10 535 20 0 0 3
-30 -30 545 0 0 0 3
-30 -30 555 0 0 0 3
-10 -10 565 20 0 0 3
10 10 575 40 0 0 3
30 30 585 60 0 0 3
50 50 595 80 0 0 3
70 70 605 100 0 0 3
90 90 615 120 0 0 3
110 110 625 140 0 0 3
130 130 635 160 0 0 3
150 150 645 180 0 0 3
170 170 655 200 0 0 3
190 190 665 220 0 0 3
210 210 675 240 0 0 3
230 230 685 260 0 0 3
250 250 695 280 0 0 3
270 270 705 300 0 0 3
290 290 715 320 0 0 3
310 310 725 340 0 0 3
330 330 735 360 0 0 3
350 350 745 380 0 0 3
350 350 755 380 0 0 3
330 330 750 360 0 0 3
310 310 735 340 0 0 3
290 290 720 320 0 0 3
270 270 705 300 0 0 3
250 250 690 280 0 0 3
230 230 675 260 0 0 3
210 210 660 240 0 0 3
190 190 645 220 0 0 3
170 170 630 200 0 0 3
150 150 615 180 0 0 3
130 130 600 160 0 0 3
110 110 585 140 0 0 3
90 90 570 120 0 0 3
70 70 555 100 0 0 3
50 50 540 80 0 0 3
30 30 525 60 0 0 3
10 10 510 40 0 0 3
-10 -10 495 20 0 0 3
-30 -30 480 0 0 0 3
-30 -30 465 0 0 0 3
-10 -10 450 20 0 0 3
10 10 435 40 0 0 3
30 30 420 60 0 0 3
50 50 405 80 0 0 3
70 70 390 100 0 0 3
90 90 375 120 0 0 3
110 110 360 140 0 0 3
130 130 345 160 0 0 3
150 150 330 180 0 0 3
170 170 315 200 0 0 3
190 190 300 220 0 0 3
210 210 285 240 0 0 3
230 230 270 260 0 0 3
250 250 255 280 0 0 3
270 270 240 300 0 0 3
290 290 225 320 0 0 3
310 310 210 340 0 0 3
330 330 195 360 0 0 3
350 350 180 380 0 0 3
350 350 165 380 0 0 3
330 330 150 360 0 0 3
310 310 135 340 0 0 3
290 290 120 320 0 0 3
270 270 105 300 0 0 3
250 250 90 280 0 0 3
230 230 75 260 0 0 3
210 210 60 240 0 0 3
190 190 45 220 0 0 3
170 170 30 200 0 0 3
150 150 25 180 0 0 3
132 132 35 162 0 0 3
114 114 45 144 0 0 3
96 96 55 126 0 0 3
78 78 65 108 0 0 3
60 60 75 90 0 0 3
42 42 85 72 0 0 3
24 24 95 54 0 0 3
6 6 105 36 0 0 3
-12 -12 115 18 0 0 3
-30 -30 125 0 0 0 3
-30 -30 135 0 0 0 3
-12 -12 145 18 0 0 3
6 6 155 36 0 0 3
24 24 165 54 0 0 3
42 42 175 72 0 0 3
60 60 185 90 0 0 3
78 78 195 108 0 0 3
96 96 205 126 0 0 3
114 114 215 144 0 0 3
132 132 225 162 0 0 3
150 150 235 180 0 0 3
168 168 245 198 0 0 3
186 186 255 216 0 0 3
204 204 265 234 0 0 3
222 222 275 252 0 0 3
240 240 285 270 0 0 3
258 258 295 288 0 0 3
276 276 305 306 0 0 3
294 294 315 324 0 0 3
312 312 325 342 0 0 3
330 330 335 360 0 0 3
348 348 345 378 0 0 3
350 350 355 380 0 0 3
332 332 365 362 0 0 3
314 314 375 344 0 0 3
296 296 385 326 0 0 3
278 278 395 308 0 0 3
260 260 405 290 0 0 3
242 242 415 272 0 0 3
224 224 425 254 0 0 3
206 206 435 236 0 0 3
188 188 445 218 0 0 3
170 170 455 200 0 0 3
152 152 465 182 0 0 3
134 134 475 164 0 0 3
116 116 485 146 0 0 3
98 98 495 128 0 0 3
80 80 505 110 0 0 3
62 62 515 92 0 0 3
44 44 525 74 0 0 3
26 26 535 56 0 0 3
8 8 545 38 0 0 3
-10 -10 555 20 0 0 3
-28 -28 565 2 0 0 3
-30 -30 575 0 0 0 3
-12 -12 585 18 0 0 3
6 6 595 36 0 0 3
24 24 605 54 0 0 3
42 42 615 72 0 0 3
60 60 625 90 0 0 3
78 78 635 108 0 0 3
96 96 645 126 0 0 3
114 114 655 144 0 0 3
132 132 665 162 0 0 3
150 150 675 180 0 0 3
168 168 685 198 0 0 3
186 186 695 216 0 0 3
204 204 705 234 0 0 3
222 222 715 252 0 0 3
240 240 725 270 0 0 3
258 258 735 288 0 0 3
276 276 745 306 0 0 3
294 294 755 324 0 0 3
312 312 750 342 0 0 3
327 327 736 357 0 0 3
342 342 722 372 0 0 3
350 350 708 380 0 0 3
335 335 694 365 0 0 3
320 320 680 350 0 0 3
305 305 666 335 0 0 3
290 290 652 320 0 0 3
275 275 638 305 0 0 3
260 260 624 290 0 0 3
245 245 610 275 0 0 3
230 230 596 260 0 0 3
215 215 582 245 0 0 3
200 200 568 230 0 0 3
185 185 554 215 0 0 3
170 170 540 200 0 0 3
155 155 526 185 0 0 3
140 140 512 170 0 0 3
125 125 498 155 0 0 3
110 110 484 140 0 0 3
95 95 470 125 0 0 3
80 80 456 110 0 0 3
65 65 442 95 0 0 3
50 50 428 80 0 0 3
35 35 414 65 0 0 3
20 20 400 50 0 0 3
5 5 386 35 0 0 3
-10 -10 372 20 0 0 3
-25 -25 358 5 0 0 3
-30 -30 344 0 0 0 3
-15 -15 330 15 0 0 3
0 0 316 30 0 0 3
15 15 302 45 0 0 3
30 30 288 60 0 0 3
45 45 274 75 0 0 3
60 60 260 90 0 0 3
75 75 246 105 0 0 3
90 90 232 120 0 0 3
105 105 218 135 0 0 3
120 120 204 150 0 0 3
135 135 190 165 0 0 3
150 150 176 180 0 0 3
165 165 162 195 0 0 3
180 180 148 210 0 0 3
195 195 134 225 0 0 3
210 210 120 240 0 0 3
225 225 106 255 0 0 3
240 240 92 270 0 0 3
255 255 78 285 0 0 3
270 270 64 300 0 0 3
285 285 50 315 0 0 3
300 300 36 330 0 0 3
315 315 22 345 0 0 3
330 330 25 360 0 0 3
318 318 43 348 0 0 3
306 306 61 336 0 0 3
294 294 79 324 0 0 3
282 282 97 312 0 0 3
270 270 115 300 0 0 3
258 258 133 288 0 0 3
246 246 151 276 0 0 3
234 234 169 264 0 0 3
222 222 187 252 0 0 3
210 210 205 240 0 0 3
198 198 223 228 0 0 3
186 186 241 216 0 0 3
174 174 259 204 0 0 3
162 162 277 192 0 0 3
150 150 295 180 0 0 3
138 138 313 168 0 0 3
126 126 331 156 0 0 3
114 114 349 144 0 0 3
102 102 367 132 0 0 3
90 90 385 120 0 0 3
78 78 403 108 0 0 3
66 66 421 96 0 0 3
54 54 439 84 0 0 3
42 42 457 72 0 0 3
30 30 475 60 0 0 3
18 18 493 48 0 0 3
6 6 511 36 0 0 3
-6 -6 529 24 0 0 3
-18 -18 547 12 0 0 3
-30 -30 565 0 0 0 3
-30 -30 583 0 0 0 3
-18 -18 601 12 0 0 3
-6 -6 619 24 0 0 3
6 6 637 36 0 0 3
18 18 655 48 0 0 3
30 30 673 60 0 0 3
42 42 691 72 0 0 3
54 54 709 84 0 0 3
66 66 727 96 0 0 3
78 78 745 108 0 0 3
90 90 750 120 0 0 3
101 101 736 131 0 0 3
112 112 722 142 0 0 3
123 123 708 153 0 0 3
134 134 694 164 0 0 3
145 145 680 175 0 0 3
156 156 666 186 0 0 3
167 167 652 197 0 0 3
178 178 638 208 0 0 3
189 189 624 219 0 0 3
200 200 610 230 0 0 3
211 211 596 241 0 0 3
222 222 582 252 0 0 3
233 233 568 263 0 0 3
244 244 554 274 0 0 3
255 255 540 285 0 0 3
266 266 526 296 0 0 3
277 277 512 307 0 0 3
288 288 498 318 0 0 3
299 299 484 329 0 0 3
310 310 470 340 0 0 3
321 321 456 351 0 0 3
332 332 442 362 0 0 3
343 343 428 373 0 0 3
350 350 414 380 0 0 3
339 339 400 369 0 0 3
328 328 386 358 0 0 3
317 317 372 347 0 0 3
306 306 358 336 0 0 3
295 295 344 325 0 0 3
284 284 330 314 0 0 3
273 273 316 303 0 0 3
262 262 302 292 0 0 3
251 251 288 281 0 0 3
240 240 274 270 0 0 3
229 229 260 259 0 0 3
218 218 246 248 0 0 3
207 207 232 237 0 0 3
196 196 218 226 0 0 3
185 185 204 215 0 0 3
174 174 190 204 0 0 3
163 163 176 193 0 0 3
152 152 162 182 0 0 3
141 141 148 171 0 0 3
130 130 134 160 0 0 3
119 119 120 149 0 0 3
108 108 106 138 0 0 3
97 97 92 127 0 0 3
86 86 78 116 0 0 3
75 75 64 105 0 0 3
64 64 50 94 0 0 3
53 53 36 83 0 0 3
42 42 22 72 0 0 3
31 31 25 61 0 0 3
13 13 44 43 0 0 3
-5 -5 63 25 0 0 3
-23 -23 82 7 0 0 3
-30 -30 101 0 0 0 3
-12 -12 120 18 0 0 3
6 6 139 36 0 0 3
24 24 158 54 0 0 3
42 42 177 72 0 0 3
60 60 196 90 0 0 3
78 78 215 108 0 0 3
96 96 234 126 0 0 3
114 114 253 144 0 0 3
132 132 272 162 0 0 3
150 150 291 180 0 0 3
168 168 310 198 0 0 3
186 186 329 216 0 0 3
204 204 348 234 0 0 3
222 222 367 252 0 0 3
240 240 386 270 0 0 3
258 258 405 288 0 0 3
276 276 424 306 0 0 3
294 294 443 324 0 0 3
312 312 462 342 0 0 3
330 330 481 360 0 0 3
348 348 500 378 0 0 3
350 350 519 380 0 0 3
332 332 538 362 0 0 3
314 314 557 344 0 0 3
296 296 576 326 0 0 3
278 278 595 308 0 0 3
260 260 614 290 0 0 3
242 242 633 272 0 0 3
224 224 652 254 0 0 3
206 206 671 236 0 0 3
188 188 690 218 0 0 3
170 170 709 200 0 0 3
152 152 728 182 0 0 3
134 134 747 164 0 0 3
116 116 750 146 0 0 3
101 101 733 131 0 0 3
86 86 716 116 0 0 3
71 71 699 101 0 0 3
56 56 682 86 0 0 3
41 41 665 71 0 0 3
26 26 648 56 0 0 3
11 11 631 41 0 0 3
-4 -4 614 26 0 0 3
-19 -19 597 11 0 0 3
-30 -30 580 0 0 0 3
-15 -15 563 15 0 0 3
0 0 546 30 0 0 3
15 15 529 45 0 0 3
30 30 512 60 0 0 3
45 45 495 75 0 0 3
60 60 478 90 0 0 3
75 75 461 105 0 0 3
90 90 444 120 0 0 3
105 105 427 135 0 0 3
120 120 410 150 0 0 3
135 135 393 165 0 0 3
150 150 376 180 0 0 3
165 165 359 195 0 0 3
180 180 342 210 0 0 3
195 195 325 225 0 0 3
210 210 308 240 0 0 3
225 225 291 255 0 0 3
240 240 274 270 0 0 3
255 255 257 285 0 0 3
270 270 240 300 0 0 3
285 285 223 315 0 0 3
300 300 206 330 0 0 3
315 315 189 345 0 0 3
330 330 172 360 0 0 3
345 345 155 375 0 0 3
350 350 138 380 0 0 3
335 335 121 365 0 0 3
320 320 104 350 0 0 3
305 305 87 335 0 0 3
290 290 70 320 0 0 3
275 275 53 305 0 0 3
260 260 36 290 0 0 3
245 245 25 275 0 0 3
231 231 38 261 0 0 3
217 217 51 247 0 0 3
203 203 64 233 0 0 3
189 189 77 219 0 0 3
175 175 90 205 0 0 3
161 161 103 191 0 0 3
147 147 116 177 0 0 3
133 133 129 163 0 0 3
119 119 142 149 0 0 3
105 105 155 135 0 0 3
91 91 168 121 0 0 3
77 77 181 107 0 0 3
63 63 194 93 0 0 3
49 49 207 79 0 0 3
35 35 220 65 0 0 3
21 21 233 51 0 0 3
7 7 246 37 0 0 3
-7 -7 259 23 0 0 3
-21 -21 272 9 0 0 3
-30 -30 285 0 0 0 3
-16 -16 298 14 0 0 3
-2 -2 311 28 0 0 3
12 12 324 42 0 0 3
26 26 337 56 0 0 3
40 40 350 70 0 0 3
54 54 363 84 0 0 3
68 68 376 98 0 0 3
82 82 389 112 0 0 3
96 96 402 126 0 0 3
110 110 415 140 0 0 3
124 124 428 154 0 0 3
138 138 441 168 0 0 3
152 152 454 182 0 0 3
166 166 467 196 0 0 3
180 180 480 210 0 0 3
194 194 493 224 0 0 3
208 208 506 238 0 0 3
222 222 519 252 0 0 3
236 236 532 266 0 0 3
250 250 545 280 0 0 3
264 264 558 294 0 0 3
278 278 571 308 0 0 3
292 292 584 322 0 0 3
306 306 597 336 0 0 3
320 320 610 350 0 0 3
334 334 623 364 0 0 3
348 348 636 378 0 0 3
350 350 649 380 0 0 3
336 336 662 366 0 0 3
322 322 675 352 0 0 3
308 308 688 338 0 0 3
294 294 701 324 0 0 3
280 280 714 310 0 0 3
266 266 727 296 0 0 3
252 252 740 282 0 0 3
238 238 753 268 0 0 3
224 224 750 254 0 0 3
212 212 734 242 0 0 3
200 200 718 230 0 0 3
188 188 702 218 0 0 3
176 176 686 206 0 0 3
164 164 670 194 0 0 3
152 152 654 182 0 0 3
140 140 638 170 0 0 3
128 128 622 158 0 0 3
116 116 606 146 0 0 3
104 104 590 134 0 0 3
92 92 574 122 0 0 3
80 80 558 110 0 0 3
68 68 542 98 0 0 3
56 56 526 86 0 0 3
44 44 510 74 0 0 3
32 32 494 62 0 0 3
20 20 478 50 0 0 3
8 8 462 38 0 0 3
-4 -4 446 26 0 0 3
-16 -16 430 14 0 0 3
-28 -28 414 2 0 0 3
-30 -30 398 0 0 0 3
-18 -18 382 12 0 0 3
-6 -6 366 24 0 0 3
6 6 350 36 0 0 3
18 18 334 48 0 0 3
30 30 318 60 0 0 3
42 42 302 72 0 0 3
54 54 286 84 0 0 3
66 66 270 96 0 0 3
78 78 254 108 0 0 3
90 90 238 120 0 0 3
102 102 222 132 0 0 3
114 114 206 144 0 0 3
126 126 190 156 0 0 3
138 138 174 168 0 0 3
150 150 158 180 0 0 3
162 162 142 192 0 0 3
174 174 126 204 0 0 3
186 186 110 216 0 0 3
198 198 94 228 0 0 3
210 210 78 240 0 0 3
222 222 62 252 0 0 3
234 234 46 264 0 0 3
246 246 30 276 0 0 3
258 258 25 288 0 0 3
245 245 42 275 0 0 3
232 232 59 262 0 0 3
219 219 76 249 0 0 3
206 206 93 236 0 0 3
193 193 110 223 0 0 3
180 180 127 210 0 0 3
167 167 144 197 0 0 3
154 154 161 184 0 0 3
141 141 178 171 0 0 3
128 128 195 158 0 0 3
115 115 212 145 0 0 3
102 102 229 132 0 0 3
89 89 246 119 0 0 3
76 76 263 106 0 0 3
63 63 280 93 0 0 3
50 50 297 80 0 0 3
37 37 314 67 0 0 3
24 24 331 54 0 0 3
11 11 348 41 0 0 3
-2 -2 365 28 0 0 3
-15 -15 382 15 0 0 3
-28 -28 399 2 0 0 3
-30 -30 416 0 0 0 3
-17 -17 433 13 0 0 3
-4 -4 450 26 0 0 3
9 9 467 39 0 0 3
22 22 484 52 0 0 3
35 35 501 65 0 0 3
48 48 518 78 0 0 3
61 61 535 91 0 0 3
74 74 552 104 0 0 3
87 87 569 117 0 0 3
100 100 586 130 0 0 3
113 113 603 143 0 0 3
126 126 620 156 0 0 3
139 139 637 169 0 0 3
152 152 654 182 0 0 3
165 165 671 195 0 0 3
178 178 688 208 0 0 3
191 191 705 221 0 0 3
204 204 722 234 0 0 3
217 217 739 247 0 0 3
230 230 756 260 0 0 3
243 243 750 273 0 0 3
260 260 735 290 0 0 3
277 277 720 307 0 0 3
294 294 705 324 0 0 3
311 311 690 341 0 0 3
328 328 675 358 0 0 3
345 345 660 375 0 0 3
350 350 645 380 0 0 3
333 333 630 363 0 0 3
316 316 615 346 0 0 3
299 299 600 329 0 0 3
282 282 585 312 0 0 3
265 265 570 295 0 0 3
248 248 555 278 0 0 3
231 231 540 261 0 0 3
214 214 525 244 0 0 3
197 197 510 227 0 0 3
180 180 495 210 0 0 3
163 163 480 193 0 0 3
146 146 465 176 0 0 3
129 129 450 159 0 0 3
112 112 435 142 0 0 3
95 95 420 125 0 0 3
78 78 405 108 0 0 3
61 61 390 91 0 0 3
44 44 375 74 0 0 3
27 27 360 57 0 0 3
10 10 345 40 0 0 3
-7 -7 330 23 0 0 3
-24 -24 315 6 0 0 3
-30 -30 300 0 0 0 3
-13 -13 285 17 0 0 3
4 4 270 34 0 0 3
21 21 255 51 0 0 3
38 38 240 68 0 0 3
55 55 225 85 0 0 3
72 72 210 102 0 0 3
89 89 195 119 0 0 3
106 106 180 136 0 0 3
123 123 165 153 0 0 3
140 140 150 170 0 0 3
157 157 135 187 0 0 3
174 174 120 204 0 0 3
191 191 105 221 0 0 3
208 208 90 238 0 0 3
225 225 75 255 0 0 3
242 242 60 272 0 0 3
259 259 45 289 0 0 3
276 276 30 306 0 0 3
293 293 25 323 0 0 3
277 277 35 307 0 0 3
261 261 45 291 0 0 3
245 245 55 275 0 0 3
229 229 65 259 0 0 3
213 213 75 243 0 0 3
197 197 85 227 0 0 3
181 181 95 211 0 0 3
165 165 105 195 0 0 3
149 149 115 179 0 0 3
133 133 125 163 0 0 3
117 117 135 147 0 0 3
101 101 145 131 0 0 3
85 85 155 115 0 0 3
69 69 165 99 0 0 3
53 53 175 83 0 0 3
37 37 185 67 0 0 3
21 21 195 51 0 0 3
5 5 205 35 0 0 3
-11 -11 215 19 0 0 3
-27 -27 225 3 0 0 3
-30 -30 235 0 0 0 3
-14 -14 245 16 0 0 3
2 2 255 32 0 0 3
18 18 265 48 0 0 3
34 34 275 64 0 0 3
50 50 285 80 0 0 3
66 66 295 96 0 0 3
82 82 305 112 0 0 3
98 98 315 128 0 0 3
114 114 325 144 0 0 3
130 130 335 160 0 0 3
146 146 345 176 0 0 3
162 162 355 192 0 0 3
178 178 365 208 0 0 3
194 194 375 224 0 0 3
210 210 385 240 0 0 3
226 226 395 256 0 0 3
242 242 405 272 0 0 3
258 258 415 288 0 0 3
274 274 425 304 0 0 3
290 290 435 320 0 0 3
306 306 445 336 0 0 3
322 322 455 352 0 0 3
338 338 465 368 0 0 3
350 350 475 380 0 0 3
334 334 485 364 0 0 3
318 318 495 348 0 0 3
302 302 505 332 0 0 3
286 286 515 316 0 0 3
270 270 525 300 0 0 3
254 254 535 284 0 0 3
238 238 545 268 0 0 3
222 222 555 252 0 0 3
206 206 565 236 0 0 3
190 190 575 220 0 0 3
174 174 585 204 0 0 3
158 158 595 188 0 0 3
142 142 605 172 0 0 3
126 126 615 156 0 0 3
110 110 625 140 0 0 3
94 94 635 124 0 0 3
78 78 645 108 0 0 3
62 62 655 92 0 0 3
46 46 665 76 0 0 3
30 30 675 60 0 0 3
14 14 685 44 0 0 3
-2 -2 695 28 0 0 3
-18 -18 705 12 0 0 3
-30 -30 715 0 0 0 3
-14 -14 725 16 0 0 3
2 2 735 32 0 0 3
18 18 745 48 0 0 3
34 34 755 64 0 0 3
50 50 750 80 0 0 3
63 63 735 93 0 0 3
76 76 720 106 0 0 3
89 89 705 119 0 0 3
102 102 690 132 0 0 3
115 115 675 145 0 0 3
128 128 660 158 0 0 3
141 141 645 171 0 0 3
154 154 630 184 0 0 3
167 167 615 197 0 0 3
180 180 600 210 0 0 3
193 193 585 223 0 0 3
206 206 570 236 0 0 3
219 219 555 249 0 0 3
232 232 540 262 0 0 3
245 245 525 275 0 0 3
258 258 510 288 0 0 3
271 271 495 301 0 0 3
284 284 480 314 0 0 3
297 297 465 327 0 0 3
310 310 450 340 0 0 3
323 323 435 353 0 0 3
336 336 420 366 0 0 3
349 349 405 379 0 0 3
350 350 390 380 0 0 3
337 337 375 367 0 0 3
324 324 360 354 0 0 3
311 311 345 341 0 0 3
298 298 330 328 0 0 3
285 285 315 315 0 0 3
272 272 300 302 0 0 3
259 259 285 289 0 0 3
246 246 270 276 0 0 3
233 233 255 263 0 0 3
220 220 240 250 0 0 3
207 207 225 237 0 0 3
194 194 210 224 0 0 3
181 181 195 211 0 0 3
168 168 180 198 0 0 3
155 155 165 185 0 0 3
142 142 150 172 0 0 3
129 129 135 159 0 0 3
116 116 120 146 0 0 3
103 103 105 133 0 0 3
90 90 90 120 0 0 3
77 77 75 107 0 0 3
64 64 60 94 0 0 3
51 51 45 81 0 0 3
38 38 30 68 0 0 3
25 25 25 55 0 0 3
12 12 36 42 0 0 3
-1 -1 47 29 0 0 3
-14 -14 58 16 0 0 3
-27 -27 69 3 0 0 3
-30 -30 80 0 0 0 3
-17 -17 91 13 0 0 3
-4 -4 102 26 0 0 3
9 9 113 39 0 0 3
22 22 124 52 0 0 3
35 35 135 65 0 0 3
48 48 146 78 0 0 3
61 61 157 91 0 0 3
74 74 168 104 0 0 3
87 87 179 117 0 0 3
100 100 190 130 0 0 3
113 113 201 143 0 0 3
126 126 212 156 0 0 3
139 139 223 169 0 0 3
152 152 234 182 0 0 3
165 165 245 195 0 0 3
178 178 256 208 0 0 3
191 191 267 221 0 0 3
204 204 278 234 0 0 3
217 217 289 247 0 0 3
230 230 300 260 0 0 3
243 243 311 273 0 0 3
256 256 322 286 0 0 3
269 269 333 299 0 0 3
282 282 344 312 0 0 3
295 295 355 325 0 0 3
308 308 366 338 0 0 3
321 321 377 351 0 0 3
334 334 388 364 0 0 3
347 347 399 377 0 0 3
350 350 410 380 0 0 3
337 337 421 367 0 0 3
324 324 432 354 0 0 3
311 311 443 341 0 0 3
298 298 454 328 0 0 3
285 285 465 315 0 0 3
272 272 476 302 0 0 3
259 259 487 289 0 0 3
246 246 498 276 0 0 3
233 233 509 263 0 0 3
220 220 520 250 0 0 3
207 207 531 237 0 0 3
194 194 542 224 0 0 3
181 181 553 211 0 0 3
168 168 564 198 0 0 3
155 155 575 185 0 0 3
142 142 586 172 0 0 3
129 129 597 159 0 0 3
116 116 608 146 0 0 3
103 103 619 133 0 0 3
90 90 630 120 0 0 3
77 77 641 107 0 0 3
64 64 652 94 0 0 3
51 51 663 81 0 0 3
38 38 674 68 0 0 3
25 25 685 55 0 0 3
12 12 696 42 0 0 3
-1 -1 707 29 0 0 3
-14 -14 718 16 0 0 3
-27 -27 729 3 0 0 3
-30 -30 740 0 0 0 3
-17 -17 751 13 0 0 3
-4 -4 750 26 0 0 3
6 6 735 36 0 0 3
16 16 720 46 0 0 3
26 26 705 56 0 0 3
36 36 690 66 0 0 3
46 46 675 76 0 0 3
56 56 660 86 0 0 3
66 66 645 96 0 0 3
76 76 630 106 0 0 3
86 86 615 116 0 0 3
96 96 600 126 0 0 3
106 106 585 136 0 0 3
116 116 570 146 0 0 3
126 126 555 156 0 0 3
136 136 540 166 0 0 3
146 146 525 176 0 0 3
156 156 510 186 0 0 3
166 166 495 196 0 0 3
176 176 480 206 0 0 3
186 186 465 216 0 0 3
196 196 450 226 0 0 3
206 206 435 236 0 0 3
216 216 420 246 0 0 3
226 226 405 256 0 0 3
236 236 390 266 0 0 3
246 246 375 276 0 0 3
256 256 360 286 0 0 3
266 266 345 296 0 0 3
276 276 330 306 0 0 3
286 286 315 316 0 0 3
296 296 300 326 0 0 3
306 306 285 336 0 0 3
316 316 270 346 0 0 3
326 326 255 356 0 0 3
336 336 240 366 0 0 3
346 346 225 376 0 0 3
350 350 210 380 0 0 3
340 340 195 370 0 0 3
330 330 180 360 0 0 3
320 320 165 350 0 0 3
310 310 150 340 0 0 3
300 300 135 330 0 0 3
290 290 120 320 0 0 3
280 280 105 310 0 0 3
270 270 90 300 0 0 3
260 260 75 290 0 0 3
250 250 60 280 0 0 3
240 240 45 270 0 0 3
230 230 30 260 0 0 3
220 220 25 250 0 0 3
206 206 39 236 0 0 3
192 192 53 222 0 0 3
178 178 67 208 0 0 3
164 164 81 194 0 0 3
150 150 95 180 0 0 3
136 136 109 166 0 0 3
122 122 123 152 0 0 3
108 108 137 138 0 0 3
94 94 151 124 0 0 3
80 80 165 110 0 0 3
66 66 179 96 0 0 3
52 52 193 82 0 0 3
38 38 207 68 0 0 3
24 24 221 54 0 0 3
10 10 235 40 0 0 3
-4 -4 249 26 0 0 3
-18 -18 263 12 0 0 3
-30 -30 277 0 0 0 3
-16 -16 291 14 0 0 3
-2 -2 305 28 0 0 3
12 12 319 42 0 0 3
26 26 333 56 0 0 3
40 40 347 70 0 0 3
54 54 361 84 0 0 3
68 68 375 98 0 0 3
82 82 389 112 0 0 3
96 96 403 126 0 0 3
110 110 417 140 0 0 3
124 124 431 154 0 0 3
138 138 445 168 0 0 3
152 152 459 182 0 0 3
166 166 473 196 0 0 3
180 180 487 210 0 0 3
194 194 501 224 0 0 3
208 208 515 238 0 0 3
222 222 529 252 0 0 3
236 236 543 266 0 0 3
250 250 557 280 0 0 3
264 264 571 294 0 0 3
278 278 585 308 0 0 3
292 292 599 322 0 0 3
306 306 613 336 0 0 3
320 320 627 350 0 0 3
334 334 641 364 0 0 3
348 348 655 378 0 0 3
350 350 669 380 0 0 3
336 336 683 366 0 0 3
322 322 697 352 0 0 3
308 308 711 338 0 0 3
294 294 725 324 0 0 3
280 280 739 310 0 0 3
266 266 753 296 0 0 3
252 252 750 282 0 0 3
232 232 736 262 0 0 3
212 212 722 242 0 0 3
192 192 708 222 0 0 3
172 172 694 202 0 0 3
152 152 680 182 0 0 3
132 132 666 162 0 0 3
112 112 652 142 0 0 3
92 92 638 122 0 0 3
72 72 624 102 0 0 3
52 52 610 82 0 0 3
32 32 596 62 0 0 3
12 12 582 42 0 0 3
-8 -8 568 22 0 0 3
-28 -28 554 2 0 0 3
-30 -30 540 0 0 0 3
-30 -30 540 0 0 0 3
-30 -30 540 0 0 0 3
-30 -30 540 0 0 0 3
-30 -30 540 0 0 0 3
-30 -30 540 0 0 0 3
-30 -30 540 0 0 0 3
-30 -30 540 0 0 0 3
-30 -30 540 0 0 0 3
-30 -30 540 0 0 0 3
-30 -30 540 0 0 0 3
-30 -30 540 0 0 0 3
-30 -30 540 0 0 0 3
-30 -30 540 0 0 0 3
-30 -30 540 0 0 0 3
-30 -30 540 0 0 0 3
-30 -30 540 0 0 0 3
-30 -30 540 0 0 0 3
-30 -30 540 0 0 0 3
-30 -30 540 0 0 0 3
-30 -30 540 0 0 0 3
-30 -30 540 0 0 0 3
-30 -30 540 0 0 0 3
-30 -30 540 0 0 0 3
-30 -30 540 0 0 0 3
-30 -30 540 0 0 0 3
-30 -30 540 0 0 0 3
-30 -30 540 0 0 0 3
-30 -30 540 0 0 0 3
-30 -30 540 0 0 0 3
-30 -30 540 0 0 0 3
-30 -30 540 0 0 0 3
-30 -30 540 0 0 0 3
-30 -30 540 0 0 0 3
